-346.14335	-284.58556	-212.14792	-272.53938	-157.34393	-192.79110	-158.21384	-174.45865
-349.51703	-257.83744	-257.24091	-245.44945	-127.11043	-178.14668	-173.08204	-168.26637
-301.17028	-221.23235	-210.85477	-246.64893	-124.01188	-178.54851	-162.72236	-125.22865
-379.91854	-291.42081	-209.86156	-245.41806	-140.49357	-207.75883	-152.69867	-159.51946
-345.18266	-260.45997	-239.20016	-259.28976	-170.83769	-243.99475	-168.59839	-123.57322
-305.31433	-284.41082	-216.66606	-258.51920	-152.33497	-190.35311	-154.98445	-139.23602
-377.29418	-215.84630	-292.04114	-279.02413	-128.31055	-178.48013	-144.15126	-181.52351
-375.50076	-253.18567	-272.95210	-259.94920	-137.68484	-243.56936	-165.33235	-148.43957
-350.83240	-244.55372	-284.95377	-245.22704	-162.15345	-222.51084	-160.40011	-146.31814
-350.81445	-311.36039	-263.77016	-307.12460	-150.36759	-196.92722	-161.85797	-157.74996
-351.56131	-243.47525	-249.65764	-247.06067	-156.57616	-157.81260	-177.28233	-103.62085
-306.75493	-213.01356	-227.70805	-244.92027	-153.67912	-200.87601	-136.76647	-144.07549
-351.48502	-257.12446	-247.90067	-272.34292	-218.23463	-183.58017	-132.50387	-156.26814
-306.37254	-246.67056	-320.94829	-247.88108	-145.06619	-194.98866	-145.36235	-147.50792
-352.56532	-235.16284	-200.39248	-275.98605	-142.30354	-193.52574	-157.42166	-117.97291
-374.87292	-233.68449	-209.27415	-247.12601	-131.62472	-254.13702	-138.65412	-103.11173
-350.90970	-231.95622	-172.59783	-271.05825	-121.40329	-223.58037	-147.80066	-136.37654
-409.02381	-267.54042	-193.46027	-373.11314	-125.50221	-146.81049	-143.56419	-148.88695
-344.71300	-219.79475	-204.60382	-244.81172	-139.59894	-169.13675	-171.96695	-142.46665
-408.53433	-272.85735	-222.36412	-245.71414	-126.52773	-188.50106	-191.60038	-116.89655
-302.09499	-214.87212	-200.93156	-308.26816	-141.38485	-209.64685	-215.69648	-152.07136
-268.31478	-245.80709	-187.16517	-372.19426	-134.40573	-161.78645	-135.33195	-128.67219
-347.45198	-290.07833	-227.56922	-245.58105	-131.09858	-167.68721	-187.11376	-127.70530
-322.44609	-275.99798	-187.91940	-274.93711	-138.61935	-149.53267	-200.31231	-113.93932
-377.80266	-312.86635	-252.18131	-284.74132	-157.11738	-149.59530	-140.90705	-104.52437
-350.03258	-268.61021	-218.71575	-271.95494	-150.68777	-155.99105	-173.21729	-120.34881
-406.24461	-284.96872	-216.28247	-307.28503	-115.31387	-266.40908	-207.07175	-141.54735
-351.66142	-280.41592	-393.53557	-257.68169	-142.86286	-228.10653	-144.17815	-161.64318
-301.61477	-213.00888	-360.28645	-276.52658	-140.01631	-167.99241	-168.93117	-119.82630
-377.28462	-301.04034	-292.22134	-246.33863	-143.45680	-152.03033	-180.30303	-140.28279
-328.13584	-302.49276	-302.00946	-246.35315	-145.69318	-234.51323	-167.75811	-116.35444
-350.78925	-245.27562	-315.58445	-259.75291	-162.83356	-186.77530	-141.14124	-141.80141
-404.92560	-287.54749	-334.88369	-289.73013	-148.30311	-200.33177	-140.07871	-108.40488
-486.56288	-216.69639	-325.42658	-320.31924	-162.10081	-205.25869	-176.26965	-118.68896
-351.01760	-280.35622	-276.36982	-258.66054	-140.12964	-209.31801	-163.31426	-110.97000
-352.39764	-287.18046	-259.39131	-245.85573	-141.95390	-242.32688	-158.80339	-136.74126
-349.23181	-221.13508	-270.68659	-269.16272	-119.87804	-221.21952	-180.11425	-161.23384
-303.99420	-302.83442	-190.01807	-340.76876	-134.09240	-167.69982	-158.10270	-127.61715
-323.83744	-301.53243	-238.32892	-248.43634	-119.86838	-197.62967	-188.88507	-134.62850
-477.73460	-232.99167	-219.22612	-246.75223	-127.98255	-135.38542	-217.26251	-148.58517
-347.77239	-236.25349	-176.91781	-245.54771	-121.00025	-203.66842	-160.23945	-127.70490
-348.57455	-336.50908	-207.48296	-259.21341	-129.87893	-190.60234	-164.11188	-127.54515
-343.76135	-222.45031	-173.27295	-268.17946	-136.55148	-183.42589	-153.29386	-133.16755
-349.92950	-257.33905	-209.10502	-262.22858	-144.41403	-165.45491	-157.90059	-144.64311
-377.59854	-288.21321	-174.32681	-258.06245	-188.81852	-200.90248	-185.48986	-141.97989
-348.96010	-260.15782	-257.14567	-277.01282	-125.10727	-166.35182	-139.87256	-127.78355
-377.46015	-260.83403	-258.61483	-257.85690	-146.70807	-238.43093	-164.32154	-116.78774
-376.37081	-269.57253	-303.83954	-278.19768	-141.32116	-202.32665	-118.33960	-116.48365
-306.36424	-235.49077	-297.26087	-262.48069	-141.61285	-202.22819	-145.24033	-124.80624
-351.22111	-317.23172	-361.15882	-259.46303	-150.17413	-215.97907	-138.30717	-112.49738
-359.24983	-294.11901	-335.07103	-291.06668	-232.35409	-217.86639	-180.42575	-131.23385
-310.01937	-253.16550	-361.93001	-276.49313	-242.44015	-230.65433	-166.17337	-161.71152
-354.72420	-319.59066	-393.50370	-279.86795	-162.35533	-178.70454	-126.08877	-129.26340
-358.21410	-305.64685	-332.12979	-287.30027	-158.12095	-256.31244	-167.99954	-117.11074
-353.43450	-297.74900	-391.73151	-266.09284	-185.50462	-181.76643	-195.95934	-108.07580
-350.92436	-240.47818	-382.69133	-245.06595	-178.36468	-170.86787	-134.41919	-120.77637
-356.46744	-357.92678	-576.41225	-335.39601	-205.24013	-223.30747	-187.20853	-105.40854
-359.18130	-261.18749	-384.49452	-262.69925	-184.61474	-206.10566	-181.10010	-141.82539
-383.41865	-270.13102	-502.02249	-235.19788	-247.21501	-195.81532	-155.99739	-123.76927
-417.74908	-324.72450	-396.56910	-260.27013	-202.95343	-250.25702	-147.09653	-106.62566
-491.41416	-259.80177	-423.50264	-291.03379	-214.53944	-203.21129	-143.98864	-147.13028
-381.18305	-292.88602	-335.68008	-235.05083	-189.69177	-200.77942	-171.20581	-115.68413
-353.69286	-332.52413	-303.63394	-403.70132	-180.73790	-251.45654	-121.97780	-127.64786
-359.62885	-272.69120	-476.36646	-378.39004	-186.75065	-223.13928	-157.55648	-116.18486
-358.11572	-264.27916	-336.02057	-279.14867	-144.21453	-174.33090	-213.58639	-112.87121
-355.23515	-257.99953	-364.32710	-309.95369	-296.84541	-223.67277	-172.56365	-133.37805
-332.90424	-297.44738	-341.25257	-260.36631	-231.22825	-218.81737	-215.74459	-124.72206
-312.21225	-276.92644	-375.53094	-243.20840	-168.48919	-271.09772	-169.57283	-141.32540
-354.08534	-275.98470	-372.23740	-276.98827	-198.15441	-228.40190	-182.27130	-145.65571
-309.06388	-258.46800	-382.43064	-292.89707	-223.17054	-189.42952	-157.85989	-100.67418
-357.39336	-231.23539	-303.24352	-258.75104	-172.64190	-194.78641	-157.80080	-105.92843
-355.90412	-285.12397	-359.43985	-246.80927	-182.25132	-208.25827	-134.41379	-103.50397
-356.91825	-239.57447	-369.21844	-246.69807	-268.62159	-232.00394	-171.72786	-122.37259
-357.17168	-237.45036	-408.61522	-305.95826	-187.22315	-230.81385	-163.92774	-118.67473
-354.55986	-348.09457	-363.37506	-247.19141	-179.02634	-271.34105	-152.55672	-130.87001
-354.54870	-276.27476	-335.07351	-274.92780	-287.18452	-172.98402	-124.19258	-110.00642
-357.75116	-288.94159	-428.97926	-292.73701	-176.56538	-195.89778	-130.68975	-99.37265
-353.78788	-261.34805	-391.44560	-373.15980	-191.22144	-181.45197	-167.91697	-131.24239
-310.59293	-275.13520	-485.98766	-257.90668	-201.22628	-253.28204	-179.15808	-104.96314
-357.39258	-261.10511	-347.55282	-278.24941	-183.98069	-183.82572	-161.97922	-107.83593
-413.86739	-307.51481	-407.80003	-273.90536	-160.43592	-201.28255	-167.17990	-124.08465
-354.62740	-250.94288	-304.22863	-303.73224	-144.13823	-273.73920	-147.97226	-121.27626
-309.81873	-291.11463	-465.79503	-260.90334	-189.05772	-223.80963	-113.97032	-115.77028
-489.10642	-249.06500	-396.14592	-383.15152	-133.90454	-258.08284	-171.88518	-109.90109
-353.11857	-307.10159	-377.29828	-278.15836	-176.86764	-174.74507	-142.96356	-176.38232
-383.80062	-286.78530	-424.83332	-248.14361	-168.71339	-201.17962	-159.94798	-107.26486
-357.39967	-275.31402	-369.71868	-277.85246	-165.93604	-265.98143	-168.37073	-124.63869
-353.07029	-263.24457	-451.91308	-271.39847	-162.42525	-261.98773	-164.72483	-108.18253
-356.32004	-323.69459	-424.30784	-324.86022	-178.40425	-216.31387	-140.51532	-136.03085
-331.16283	-286.62408	-335.44960	-322.73047	-165.80039	-197.62042	-196.82346	-129.64425
-353.35639	-307.30865	-394.49763	-258.27409	-186.71093	-184.86567	-146.37586	-97.99908
-356.10920	-265.82334	-426.63550	-259.51429	-164.71788	-184.62972	-143.90845	-150.23958
-357.51599	-310.34927	-361.86501	-250.69458	-188.32031	-172.48406	-144.90839	-111.30556
-355.16381	-275.68103	-476.65988	-258.95770	-163.88343	-195.75040	-162.21566	-115.35776
-384.83941	-305.89779	-359.10871	-278.07354	-189.05875	-293.20611	-162.98038	-136.00275
-387.27305	-340.84108	-392.31331	-260.54394	-158.83502	-210.73969	-138.53568	-112.53496
-415.80080	-309.82393	-264.40373	-234.90810	-147.79059	-230.38246	-156.80268	-104.99352
-412.95374	-341.39802	-369.05400	-291.03536	-152.41571	-233.20175	-180.21975	-137.15758
-358.84976	-309.44303	-315.79176	-276.43492	-169.73600	-185.01268	-125.39346	-141.76799
-355.21128	-252.64587	-426.31821	-287.01243	-169.66232	-185.03808	-179.92938	-109.26121
-358.79773	-282.62801	-449.90561	-250.05298	-158.34374	-245.68972	-143.26224	-120.09773
-359.35084	-292.85916	-391.25711	-271.70320	-183.70905	-208.15573	-182.31754	-120.74789
-317.09886	-285.78408	-407.05478	-247.37185	-213.45647	-243.59882	-144.46361	-126.56706
-359.47596	-307.96326	-418.10700	-278.16889	-198.85891	-203.04608	-153.27362	-147.63239
-360.22276	-277.34165	-483.02827	-246.36697	-175.78855	-207.19024	-170.08153	-163.99286
-359.98422	-214.12966	-427.12775	-290.79370	-267.72109	-211.59850	-176.00188	-107.05330
-361.01882	-327.00606	-374.08718	-248.89121	-188.49028	-194.99232	-159.60068	-125.37680
-385.54079	-272.46881	-416.88689	-259.20364	-226.95385	-175.71150	-154.56217	-134.11908
-358.87967	-439.25506	-373.70568	-291.42346	-185.45936	-169.64632	-144.64615	-109.17520
-358.01183	-332.90608	-451.95356	-244.57733	-183.73509	-200.73934	-172.85659	-129.38111
-360.32063	-257.41475	-452.08831	-261.33603	-181.66674	-217.78655	-141.65935	-121.47111
-361.35377	-288.16301	-391.93625	-281.96576	-187.23913	-193.47959	-131.79032	-152.62914
-361.26404	-298.38217	-335.31365	-260.56603	-191.62792	-159.39611	-139.82746	-121.98671
-355.45450	-342.84579	-334.13996	-276.86207	-259.41323	-185.93921	-178.86328	-124.72802
-361.96717	-288.04097	-303.34067	-261.16550	-179.91576	-223.61862	-141.40818	-110.87421
-337.08352	-290.56598	-451.94280	-304.63953	-198.41053	-213.07298	-153.80611	-127.65024
-359.48340	-278.08067	-425.35807	-243.62070	-238.19129	-271.86048	-163.32758	-110.88992
-420.24296	-261.73956	-415.61402	-248.31845	-185.01242	-216.76741	-163.53461	-137.94688
-355.72366	-296.27588	-366.87741	-258.07155	-317.32099	-162.96167	-131.39290	-129.92545
-357.07929	-246.88908	-426.28828	-256.97152	-151.61112	-227.27739	-158.82497	-141.87810
-386.23562	-289.88183	-334.05823	-261.39472	-262.77579	-279.50025	-157.97113	-117.51374
-360.43560	-306.32049	-365.55412	-292.00730	-172.61566	-297.73016	-162.01851	-115.17937
-356.46218	-358.18431	-365.63763	-261.51649	-182.39592	-181.68455	-144.00167	-103.52239
-336.35845	-260.77277	-417.50592	-292.35806	-137.02506	-174.94411	-154.02660	-123.47693
-363.18952	-333.92192	-333.45284	-273.04165	-196.78718	-197.08896	-182.69741	-119.51894
-418.45634	-277.71281	-416.10621	-268.59685	-195.09833	-168.29810	-164.21822	-139.21661
-363.13842	-259.32187	-365.39251	-248.43407	-165.80642	-217.69750	-183.82019	-131.04899
-387.06989	-291.36982	-323.39775	-266.75684	-183.32521	-263.31860	-144.35762	-132.84311
-416.37678	-271.49041	-393.89165	-290.29109	-181.84000	-216.97391	-140.55379	-128.52946
-362.48956	-276.52410	-392.91911	-306.82499	-174.51234	-201.01561	-154.62726	-126.10082
-415.97903	-235.44445	-407.78560	-308.34853	-202.90810	-229.34915	-136.21190	-149.87086
-356.72989	-273.41740	-373.16258	-291.48342	-176.62015	-189.28191	-160.46150	-140.52283
-334.59396	-275.81307	-351.37731	-271.61513	-190.23540	-175.76603	-198.84962	-115.25127
-360.58006	-258.77058	-366.75592	-245.94712	-178.59915	-195.82860	-127.42720	-122.48802
-335.18972	-290.96034	-368.13600	-277.41703	-156.01969	-182.07747	-157.16725	-123.28635
-359.85279	-251.88214	-390.55519	-246.47317	-242.59208	-199.19335	-182.77307	-132.04737
-359.75218	-295.10769	-423.68704	-246.18827	-230.83467	-182.01943	-158.52252	-147.59607
-361.66357	-273.27482	-392.54041	-245.60526	-193.40833	-234.75531	-186.36980	-120.47148
-361.34093	-302.82553	-366.49643	-280.02982	-167.04912	-234.41430	-190.23655	-148.75805
-311.98013	-340.56019	-367.89953	-258.95009	-193.43182	-208.52277	-149.04660	-124.39903
-358.05764	-270.61034	-393.17792	-257.65163	-166.57311	-204.20823	-144.38839	-114.91720
-421.37781	-305.92428	-392.15418	-342.89032	-169.40060	-229.86044	-153.43982	-117.30483
-417.93917	-287.17660	-450.83360	-261.29119	-162.00433	-225.85171	-185.36664	-128.06306
-416.97158	-282.03457	-483.58718	-309.02609	-197.76586	-213.82596	-147.73246	-128.27796
-387.11022	-308.08957	-317.74904	-259.37296	-175.57595	-235.46444	-145.46671	-108.42912
-337.04345	-306.51552	-336.02825	-248.44255	-197.30281	-175.79820	-159.60498	-131.71485
-310.22932	-273.69576	-365.96807	-245.76709	-195.50374	-254.49890	-153.16634	-127.29291
-418.16046	-249.58919	-425.29286	-258.98190	-267.55730	-224.41862	-158.43477	-123.28270
-416.21203	-265.85774	-366.05385	-304.71221	-175.87285	-221.09938	-152.86133	-103.89166
-313.36105	-273.41337	-388.83592	-259.80752	-204.47955	-263.71253	-155.11711	-127.21944
-294.81900	-246.72074	-332.30482	-305.45436	-202.84548	-177.30685	-132.40927	-137.39652
-391.34324	-246.38488	-415.57115	-262.20728	-197.11336	-215.30159	-163.21445	-119.78775
-357.79878	-290.70654	-425.84534	-262.04192	-240.49127	-209.36901	-188.08640	-112.33855
-362.09872	-246.28069	-335.57251	-372.86121	-168.43613	-181.35212	-222.21690	-154.54986
-364.14943	-305.20181	-335.12848	-280.02006	-197.03804	-247.11848	-140.24327	-144.75962
-358.48494	-243.53343	-328.87280	-293.56612	-154.50573	-212.31671	-168.71634	-116.14469
-336.81478	-275.56522	-450.15631	-280.17113	-270.90451	-209.09858	-160.67685	-126.41221
-359.06765	-264.08301	-424.26678	-259.45042	-231.89836	-209.89427	-194.05038	-119.04257
-357.81737	-246.88908	-301.66716	-303.57840	-154.63320	-267.62689	-196.50665	-145.28752
-316.33356	-289.22103	-303.49362	-324.85374	-189.78370	-201.22198	-178.66716	-102.68604
-358.51814	-293.71272	-393.13278	-278.39855	-185.07346	-238.60505	-187.73101	-155.94407
-312.38959	-261.95634	-418.48492	-376.11527	-184.67420	-201.20344	-150.97480	-140.84534
-317.38523	-234.33675	-396.14212	-261.02434	-185.77971	-196.89218	-242.70300	-155.81185
-332.61416	-247.42670	-602.07122	-277.88779	-150.97262	-276.49193	-199.21896	-150.45223
-313.74892	-337.82462	-336.87658	-377.44508	-143.00053	-228.78154	-192.69569	-153.38539
-318.26644	-273.79979	-367.75515	-277.57758	-149.30093	-176.34409	-169.20073	-129.23822
-420.92972	-255.90596	-316.46585	-261.66811	-212.67108	-169.33191	-147.27939	-150.27912
-359.53724	-245.39069	-363.79094	-290.57364	-188.52100	-188.66708	-140.15756	-121.34213
-365.52118	-262.46160	-358.46582	-261.04278	-265.33499	-226.86578	-192.60282	-129.19583
-384.62083	-278.12757	-361.20072	-379.59763	-297.99806	-175.07179	-141.06315	-121.90975
-360.40001	-286.24068	-291.66961	-293.50680	-184.50734	-280.82216	-180.19645	-117.28717
-366.00014	-290.10372	-334.89123	-389.21958	-159.72170	-168.66645	-180.55852	-115.26346
-419.04595	-257.84173	-350.10875	-367.42366	-184.19186	-202.02722	-154.25947	-179.16068
-360.68740	-259.48964	-365.39063	-311.04437	-151.32722	-212.18330	-154.35726	-128.02232
-362.97835	-246.46234	-335.43759	-292.99337	-179.49143	-181.94608	-173.99758	-147.78623
-360.30370	-263.64574	-419.08058	-280.10244	-174.36013	-175.88023	-199.66364	-159.72740
-360.30353	-272.52712	-318.15019	-310.75762	-165.77550	-211.83400	-205.49825	-137.55150
-358.22012	-245.72821	-318.20573	-409.38787	-191.02894	-200.00620	-153.14746	-125.54009
-360.26750	-258.32491	-509.15849	-260.57877	-127.64204	-195.79179	-180.18180	-155.61315
-363.12926	-306.88499	-293.08979	-249.03743	-167.26261	-201.62800	-160.84519	-106.61696
-292.36608	-290.14604	-358.42404	-322.51960	-183.16437	-228.46105	-154.88541	-142.74137
-359.59841	-340.41311	-323.51490	-294.60388	-168.62958	-206.56976	-183.03589	-118.53288
-360.77778	-274.92696	-356.80672	-261.38572	-207.71838	-228.79750	-193.23047	-150.87204
-331.31014	-317.57975	-360.24461	-291.25747	-169.84258	-239.32424	-159.75463	-131.50539
-314.95209	-258.21292	-361.20236	-278.83054	-158.55513	-232.44501	-189.81756	-139.94986
-424.27106	-343.51610	-315.79113	-262.07820	-178.76085	-244.04077	-152.58306	-122.67245
-362.10368	-338.69580	-372.53255	-274.16013	-215.66717	-220.05319	-181.41386	-149.20282
-385.86331	-245.57731	-392.89090	-275.10962	-176.65022	-176.06240	-159.44142	-137.23345
-364.11215	-225.35321	-331.09031	-279.69782	-169.53836	-213.12260	-178.15777	-156.40822
-360.41573	-257.63107	-394.56891	-280.03842	-170.43080	-166.74426	-169.56931	-115.86373
-419.71887	-272.61243	-322.55198	-274.18139	-161.18582	-156.41333	-143.71455	-150.02121
-387.08626	-305.43720	-334.36247	-358.33683	-154.91219	-226.85257	-153.14055	-132.24264
-495.47168	-315.98473	-299.06380	-248.69540	-230.10631	-237.27456	-187.97402	-140.64882
-423.22379	-292.09747	-303.17641	-300.93250	-160.89984	-229.23814	-202.30431	-133.95039
-388.46307	-241.89751	-365.93279	-291.93260	-180.88608	-216.59904	-218.72808	-136.94562
-360.81065	-257.73082	-360.77981	-259.94432	-198.74235	-188.36913	-156.23387	-137.36457
-364.22967	-282.30719	-394.63429	-272.75773	-185.12290	-196.19667	-199.88108	-122.30824
-421.10793	-274.63511	-369.64144	-293.06375	-219.31888	-223.40169	-140.48693	-171.85167
-415.59784	-327.22702	-487.18452	-272.95388	-177.18640	-176.23809	-145.28850	-132.88047
-336.88210	-266.64682	-389.29334	-293.14199	-214.24185	-236.98821	-198.54073	-154.01898
