-1520.20250	-680.23791	-361.82836	-240.32644	-186.69429	-141.90217	-110.71289	-143.59120
-1521.89558	-807.00716	-364.74624	-246.85324	-182.75201	-173.36272	-93.47829	-91.16497
-1502.90258	-808.36176	-360.16826	-236.90373	-186.20446	-139.56076	-139.49275	-113.29288
-1513.46571	-683.40861	-364.81069	-241.64208	-274.32753	-174.25729	-112.80431	-88.71807
-1520.39573	-681.17041	-359.85651	-248.28902	-184.28982	-218.22021	-138.86317	-89.63971
-1518.24482	-687.36568	-360.60954	-239.87707	-179.71345	-172.32344	-112.59292	-93.01949
-1510.26633	-676.31350	-361.26209	-248.61922	-184.94689	-143.91950	-114.19586	-90.16219
-1521.48969	-989.76796	-359.16180	-298.33939	-219.66576	-173.65569	-113.32763	-89.39661
-1513.09901	-672.41183	-359.97587	-241.37154	-185.72542	-137.60776	-110.35598	-88.85589
-1523.65583	-582.28274	-363.66321	-240.47130	-180.66435	-142.28936	-113.73079	-91.13487
-1521.95517	-684.04325	-360.77076	-234.26855	-183.73506	-141.09794	-113.25165	-91.44458
-1515.28302	-808.70614	-363.67773	-244.18664	-185.77802	-142.45678	-110.15173	-113.09742
-1525.67118	-672.59083	-360.08350	-208.00745	-280.71760	-218.03055	-106.99908	-112.87976
-1514.96918	-799.04591	-362.03037	-246.40838	-184.81169	-139.35215	-114.75599	-91.63230
-1513.50378	-680.95544	-363.68280	-243.98129	-182.83232	-147.05712	-111.40859	-87.56921
-1506.84145	-681.44598	-363.78189	-252.31202	-186.68517	-218.09243	-136.27183	-86.91174
-1513.59969	-671.10099	-364.40787	-240.06086	-277.52629	-213.64416	-109.54206	-147.87657
-2177.23971	-681.33838	-364.10850	-213.00380	-218.85265	-379.58842	-174.03302	-87.99797
-1517.00470	-585.78425	-362.97861	-242.81499	-185.38576	-144.07033	-108.89102	-89.82020
-1513.45873	-801.95285	-363.20260	-245.13083	-184.27719	-138.82027	-138.76839	-90.36911
-1520.22504	-681.48102	-365.50457	-244.67219	-185.25386	-172.99148	-110.41300	-88.84898
-1522.29851	-684.69324	-437.88033	-241.98707	-181.55294	-139.35480	-138.50173	-115.50716
-1521.95599	-687.48941	-362.90308	-235.71796	-183.24869	-136.39949	-109.39314	-91.96312
-1516.74076	-809.66635	-311.13259	-239.23531	-274.54174	-210.99672	-115.29091	-89.90541
-1518.87325	-983.07559	-360.54217	-244.95947	-223.89794	-138.16179	-91.87613	-260.36365
-1513.39241	-678.57314	-352.99753	-247.63122	-185.31301	-144.14401	-111.84722	-145.07009
-1513.52087	-680.35821	-362.06711	-203.69432	-219.72951	-144.16799	-113.58524	-75.81715
-1515.10449	-674.68162	-358.12611	-242.82673	-281.58594	-145.22430	-136.51394	-94.40270
-1526.01979	-817.13052	-365.54401	-206.23209	-188.14528	-142.67797	-112.17284	-111.53724
-1516.52829	-680.43988	-363.52635	-241.67172	-278.56240	-137.79250	-138.62237	-91.53556
-1517.88456	-681.34657	-364.15658	-202.54924	-280.04504	-141.22171	-138.03580	-92.67791
-1522.13050	-808.64241	-359.69742	-249.66156	-227.38934	-143.05885	-111.62793	-90.41369
-1518.63959	-679.99064	-364.45306	-207.47583	-285.15092	-217.71382	-114.14423	-111.15762
-1520.45061	-674.00580	-304.48490	-239.01128	-186.73371	-172.53083	-107.76679	-91.31052
-1526.08351	-676.03539	-366.14062	-248.33488	-187.44763	-139.59811	-113.51639	-91.34350
-1509.86931	-800.05277	-360.34314	-238.69237	-182.73938	-218.77767	-107.68450	-90.41127
-1513.47230	-680.47791	-360.90211	-205.50206	-186.47351	-139.93316	-113.36511	-89.99233
-1515.16450	-817.35614	-367.83151	-242.06891	-183.15878	-141.25419	-109.95012	-146.18105
-1516.75330	-585.71891	-364.18553	-239.72772	-282.08506	-137.70401	-113.73776	-114.26662
-1516.50115	-679.04582	-359.65156	-296.15885	-183.98819	-139.17478	-113.74701	-144.50516
-1513.79907	-682.63871	-365.95995	-242.15565	-187.04889	-141.87410	-178.08736	-90.84250
-1518.16615	-589.67227	-302.45500	-243.48714	-182.18469	-141.93361	-111.58781	-112.12703
-1518.90292	-811.07208	-360.35035	-201.44955	-186.16651	-217.87091	-226.83053	-90.36779
-1519.04025	-800.39802	-367.01233	-207.16443	-182.03075	-171.32085	-138.76839	-94.55251
-1793.46889	-675.48530	-358.29604	-241.82614	-185.02820	-141.61028	-111.13947	-89.01613
-1514.95647	-678.50924	-358.25365	-244.84420	-185.87280	-145.45375	-110.90084	-142.66835
-1514.14979	-669.25636	-299.26063	-247.47027	-182.49810	-140.10111	-113.73079	-114.32147
-1510.61433	-678.99995	-298.80641	-204.67427	-185.54347	-136.57082	-137.32040	-90.04537
-1515.16981	-681.75485	-355.96449	-242.38320	-187.32356	-141.50230	-110.52783	-145.53619
-1513.00431	-670.85036	-309.52018	-207.36637	-184.82352	-217.75855	-110.12744	-92.83822
-1519.28259	-673.37508	-358.14280	-234.98234	-157.82193	-140.48333	-113.34537	-73.39946
-1519.26596	-994.27774	-359.29920	-248.93876	-187.01429	-140.17864	-107.97698	-90.42909
-1520.31679	-813.31683	-366.22930	-240.02997	-184.51318	-218.23093	-111.45175	-112.29027
-1523.82395	-810.51353	-308.63822	-238.37660	-278.54505	-140.04365	-109.74374	-91.95460
-1517.22927	-684.03893	-366.28152	-244.46099	-190.35188	-136.01641	-111.19319	-87.85558
-1515.22297	-682.57956	-364.32046	-237.47257	-188.37198	-172.68851	-110.38983	-74.12117
-1518.57243	-685.51993	-363.26410	-238.50114	-183.31333	-140.23810	-111.09944	-89.87841
-1521.97262	-815.33229	-436.06871	-202.01170	-280.99979	-175.50757	-111.25435	-89.50317
-1507.14521	-688.97192	-359.06185	-241.53430	-228.48278	-142.51614	-137.33244	-112.97161
-1520.26028	-681.20291	-309.01516	-243.43022	-182.91015	-170.07766	-109.86581	-113.57342
-1518.35554	-586.45082	-364.42991	-238.91533	-185.75987	-141.19297	-114.36284	-144.56857
-1504.21479	-816.44361	-359.42504	-200.26518	-182.95256	-140.60500	-107.85472	-88.33692
-1522.00503	-807.18340	-360.40263	-242.38510	-178.07378	-170.66623	-109.58801	-92.67787
-1524.11931	-816.84171	-355.09679	-237.65831	-282.80035	-137.83166	-136.25456	-89.59483
-1520.09695	-690.15778	-364.19842	-244.67200	-277.77549	-142.83802	-111.08267	-88.16523
-1526.22583	-680.62015	-360.46070	-241.19776	-185.33802	-143.28455	-140.20708	-143.26773
-1513.78332	-681.99379	-303.90345	-236.87538	-152.43742	-170.59897	-107.92031	-113.20050
-1518.78794	-814.12582	-360.09966	-199.59101	-183.10006	-143.84266	-110.63226	-74.33064
-1520.12050	-687.46609	-356.05201	-235.74274	-226.62870	-141.63896	-174.00034	-85.64897
-1515.32614	-683.79211	-437.51936	-201.97173	-180.78081	-219.73047	-138.90373	-85.71419
-1520.54131	-674.67075	-361.04766	-245.71523	-183.60575	-141.66248	-112.68961	-88.14769
-1524.35479	-807.04141	-359.14990	-241.21690	-189.82575	-139.59468	-109.41646	-88.04760
-1517.48561	-676.26582	-359.28112	-246.17514	-181.73780	-213.71171	-130.41347	-144.37742
-1516.08136	-588.32895	-357.75299	-243.01970	-187.40617	-141.14147	-111.63925	-111.18177
-1512.16762	-685.78956	-364.73515	-203.53008	-180.49195	-137.23607	-104.59811	-86.45788
-1510.56774	-685.56762	-360.78473	-206.19048	-280.77012	-140.36688	-108.69625	-90.78144
-1514.91029	-683.16348	-304.27561	-246.45266	-153.48025	-169.14059	-95.80983	-111.39275
-1518.56985	-679.18156	-356.73182	-243.48882	-186.30541	-175.12994	-111.94737	-143.48070
-1520.25248	-1650.41292	-365.10024	-239.23538	-282.43948	-141.42156	-106.76058	-88.50041
-1520.54320	-679.90779	-358.83209	-240.37855	-286.69934	-141.97456	-109.24673	-111.80149
-1517.05672	-683.16251	-354.23089	-243.39621	-228.34368	-139.48961	-106.28500	-91.11172
-2177.70214	-687.25124	-304.18763	-231.69789	-185.75326	-136.92285	-109.30171	-87.75306
-1520.57911	-993.78869	-364.59782	-200.71171	-226.83876	-217.23181	-92.96111	-88.96587
-1516.48679	-809.15363	-361.52125	-201.19183	-184.11676	-139.87020	-137.59274	-90.90780
-1521.04914	-680.94201	-361.37749	-233.10747	-185.46461	-171.78463	-108.65047	-90.98017
-1526.21695	-682.78052	-355.16712	-247.50355	-188.34177	-142.84476	-112.51433	-112.11033
-1518.36824	-808.97907	-355.47625	-242.78702	-184.20546	-145.73120	-113.58524	-89.34194
-1523.97347	-684.94650	-366.53339	-241.89278	-186.21878	-142.04349	-92.11719	-90.75594
-1512.55178	-817.53392	-367.29405	-233.66845	-187.60330	-216.59159	-112.49682	-89.91894
-1524.12368	-809.82368	-364.41323	-245.08326	-182.72789	-142.36581	-110.62433	-92.97191
-1515.61810	-808.01584	-364.64751	-247.69728	-188.48862	-142.44746	-136.39689	-88.71807
-1520.71924	-685.66837	-361.97601	-235.52725	-186.12111	-141.42107	-140.64840	-90.73046
-1301.54929	-993.34679	-366.22910	-246.86248	-184.86591	-142.98672	-139.04338	-90.20909
-1514.38810	-581.49449	-309.10560	-200.54802	-184.96772	-138.01256	-111.46540	-90.30352
-1519.16847	-679.23475	-360.35317	-239.69528	-222.70863	-174.63257	-110.70373	-86.70309
-1520.31887	-683.25869	-309.15504	-252.29823	-186.37081	-172.91473	-111.50317	-70.42753
-1518.60087	-673.18793	-429.96151	-243.21316	-182.05050	-114.32544	-109.94324	-88.71807
-1516.67991	-682.54112	-363.01083	-240.62292	-182.00807	-142.18467	-110.10982	-142.52007
-1520.21679	-678.13791	-360.79396	-240.51549	-227.95808	-141.07580	-174.35342	-76.40336
-1522.43198	-684.62646	-362.91486	-197.21785	-183.98907	-140.49200	-111.06297	-92.27421
-1528.08994	-686.03954	-355.39226	-250.12142	-183.71622	-139.41623	-109.14302	-68.45032
-1530.61947	-681.25803	-369.49759	-236.81075	-185.78644	-215.19611	-89.36378	-141.33773
-1517.55146	-681.05723	-431.79701	-245.24382	-189.17191	-135.16093	-110.11733	-92.10566
-1527.57704	-683.83306	-360.99964	-238.76616	-189.41848	-119.31055	-115.53417	-91.19004
-1524.86109	-683.19785	-365.64519	-245.95773	-287.56874	-176.18589	-108.69011	-111.89489
-1311.84364	-680.11529	-362.08087	-238.72689	-284.68712	-173.94459	-135.41965	-88.97261
-1513.83881	-812.40883	-364.77082	-241.91881	-188.61134	-175.54426	-91.50713	-74.36598
-1515.55058	-674.83036	-435.14895	-247.69181	-189.19525	-141.82205	-113.10611	-88.58181
-1517.14333	-683.85696	-308.13407	-297.43855	-186.13616	-140.67746	-113.06575	-90.18407
-1524.49160	-683.06325	-362.86916	-241.68176	-185.65933	-144.21729	-115.83022	-91.71468
-1517.88001	-687.36568	-367.62124	-246.67006	-184.11013	-174.39681	-111.30398	-145.75456
-1515.47716	-812.23455	-364.40179	-244.94572	-183.90139	-138.72858	-111.05683	-114.60961
-1522.78763	-677.01680	-360.14642	-304.70310	-230.40923	-141.04305	-109.40592	-89.85883
-1522.98488	-677.59577	-362.06619	-243.02573	-156.24494	-141.19224	-112.04103	-85.89930
-1521.22120	-680.31639	-441.77914	-240.74760	-183.42225	-173.28226	-110.19291	-90.06377
-1520.64932	-806.49349	-310.50693	-240.74886	-286.54063	-217.44375	-114.92565	-93.66858
-1514.15962	-681.57129	-365.97047	-206.59666	-228.14723	-144.28748	-108.41409	-87.46588
-1526.72410	-810.65344	-362.00181	-234.98436	-181.18645	-136.76374	-110.73779	-88.42864
-1520.86625	-679.95337	-442.91546	-245.72219	-228.41250	-144.00997	-113.54631	-72.87477
-1520.11174	-685.46764	-363.32454	-241.39187	-279.85497	-221.30248	-139.36440	-144.72247
-1519.17038	-993.33243	-362.22494	-240.95257	-189.44222	-144.03622	-114.62265	-90.04408
-1522.63524	-815.62290	-363.69010	-248.70857	-287.81179	-140.13894	-108.60378	-112.66240
-1524.39578	-679.00651	-363.24593	-246.06388	-228.86313	-143.53046	-140.35207	-114.50992
-1514.88250	-679.57226	-360.51000	-242.18121	-181.90204	-175.46869	-108.14603	-88.96584
-1514.74097	-680.72317	-354.19466	-246.76454	-285.60502	-144.56831	-112.48411	-93.14936
-1795.54444	-684.64544	-366.57196	-235.67925	-284.87013	-171.88953	-111.42404	-89.48907
-1514.23159	-808.52587	-362.07086	-243.67267	-188.44193	-175.22918	-112.35901	-90.23155
-1516.81797	-987.61869	-357.98643	-237.16000	-180.60965	-141.57516	-113.39335	-90.83421
-1517.27064	-810.74000	-364.43824	-203.91594	-281.31608	-219.71632	-89.18302	-113.99826
-1799.41110	-676.97262	-356.07472	-244.51618	-187.82700	-140.52413	-178.60818	-93.29872
-1520.99769	-678.93706	-362.92119	-207.42452	-281.98896	-139.62937	-312.94045	-90.08804
-1521.83406	-681.43584	-354.74852	-243.92481	-189.23439	-141.21244	-112.81431	-72.45379
-1522.64026	-681.99846	-437.96069	-241.46653	-189.49331	-144.29839	-141.77574	-91.03435
-1528.65618	-679.53392	-365.28587	-247.57890	-284.19815	-134.56598	-92.51809	-86.99479
-1521.11486	-979.03414	-363.40336	-238.80919	-186.88727	-140.89896	-113.77038	-90.55781
-1517.62033	-679.37471	-360.80993	-240.75862	-229.30954	-141.28749	-110.98458	-91.96850
-1520.89335	-984.01028	-439.08380	-245.69617	-184.78408	-142.78681	-112.73710	-85.80767
-1513.58537	-586.09972	-363.00287	-249.19235	-189.85307	-141.63975	-115.02827	-77.64203
-1515.91942	-683.10309	-369.85246	-246.56517	-225.83698	-142.26905	-111.29997	-144.63498
-1522.33214	-981.33782	-361.78631	-240.25753	-282.55566	-142.79997	-111.25381	-91.80798
-1526.62892	-673.85736	-365.82896	-245.95769	-286.82779	-142.44746	-138.84878	-90.40245
-1521.69832	-681.68045	-361.78655	-239.34047	-185.91551	-174.94702	-114.01846	-90.19706
-1522.60253	-677.22528	-360.66198	-247.36794	-151.12147	-140.99525	-113.34747	-93.32380
-1517.35457	-678.04965	-362.41499	-241.10359	-185.73934	-115.38243	-107.82133	-112.64920
-1520.85665	-685.00256	-362.51925	-247.07140	-183.90139	-140.52026	-108.62634	-112.72231
-1518.85891	-680.06034	-364.76076	-206.97992	-286.87001	-139.68319	-113.45160	-91.90637
-1517.33771	-678.15141	-358.23302	-240.88856	-153.92847	-143.00430	-178.07549	-88.54989
-1515.85576	-804.04984	-356.82347	-243.22265	-185.25740	-144.21222	-176.72743	-86.75298
-1522.43544	-681.57530	-363.47978	-239.56228	-184.30296	-119.69414	-108.09927	-92.50926
-1526.33372	-684.50849	-356.06820	-249.23865	-226.60921	-140.22367	-113.64067	-87.70133
-1526.74561	-671.40210	-367.02003	-251.70984	-189.93620	-140.57662	-113.24405	-90.30638
-1526.01632	-669.04224	-359.36181	-246.91166	-190.25242	-174.59044	-110.59710	-91.69430
-1520.98919	-980.59550	-367.15631	-252.25877	-187.84496	-176.07592	-112.38759	-89.09473
-1520.38246	-677.27923	-363.78841	-252.52643	-159.15375	-141.72178	-112.68961	-89.48121
-1519.06155	-677.13627	-364.12729	-253.38081	-189.08153	-138.81682	-110.85951	-91.22527
-1507.50618	-671.76426	-363.47041	-251.59342	-286.36649	-141.80449	-137.32706	-91.06162
-1516.71189	-680.58075	-359.58331	-251.96918	-186.29653	-142.48905	-139.12459	-73.45919
-2185.42607	-679.06161	-310.29736	-372.85269	-189.56157	-140.49870	-91.38384	-111.68416
-1519.31849	-668.32927	-368.46153	-247.30264	-188.22080	-216.10902	-140.11970	-114.11538
-1522.11884	-678.14422	-365.56793	-248.40859	-189.72835	-140.18167	-110.70548	-112.19591
-1519.25813	-664.16015	-367.90197	-251.55752	-188.66949	-140.19320	-105.76782	-93.92117
-1526.21040	-804.79294	-365.92613	-213.27349	-227.88423	-218.94498	-115.26136	-90.00586
-1518.84274	-670.61085	-362.00137	-249.72911	-285.62462	-141.10873	-113.85690	-95.36940
-1513.64905	-670.37970	-366.84855	-251.62574	-284.66274	-177.52844	-114.61794	-88.36246
-1517.17964	-665.08878	-545.36525	-252.56451	-192.14990	-174.49001	-115.28809	-113.08527
-1520.37930	-670.53395	-364.05760	-250.59688	-227.48454	-141.34504	-108.33869	-92.68446
-2177.57484	-674.68830	-362.95584	-215.80763	-282.42426	-215.67738	-111.96983	-88.27566
-1520.54487	-1625.78348	-367.54011	-373.57903	-285.59765	-144.59970	-108.17470	-90.89264
-1515.08439	-806.59065	-307.45595	-249.98044	-187.98126	-176.78302	-110.97505	-116.79275
-1519.41097	-673.67601	-365.14847	-249.46128	-282.89541	-138.99217	-139.23881	-92.50633
-1517.03775	-970.41032	-364.68943	-254.99905	-284.71972	-143.73387	-92.11719	-114.94820
-1298.70797	-664.98463	-367.64185	-256.74026	-187.68570	-141.45683	-114.32082	-87.53306
-1515.55537	-671.12490	-362.79613	-251.12262	-282.54348	-139.17862	-175.60569	-111.93044
-1524.13961	-806.40821	-442.76451	-255.40668	-186.54848	-140.48288	-112.84530	-90.63123
-1527.75404	-680.88560	-366.83208	-374.40093	-187.47396	-145.68669	-87.06126	-89.91501
-1511.60068	-579.30181	-362.97275	-248.41855	-190.89850	-173.65569	-113.25018	-92.85422
-1521.97572	-976.98396	-371.64657	-303.09990	-189.43881	-175.19342	-112.30640	-91.44675
-1520.38085	-798.34768	-541.97759	-252.23037	-181.56781	-219.53734	-110.52373	-88.51910
-1520.23138	-675.97381	-365.50938	-249.10360	-229.48142	-144.38885	-111.88352	-93.00556
-1509.72916	-672.67881	-367.11536	-251.42856	-188.36036	-176.01414	-95.55132	-114.90618
-1525.94037	-975.95083	-314.76245	-310.34100	-185.41472	-145.76986	-115.48032	-90.21215
-1522.54165	-673.22730	-363.89683	-208.60935	-185.60559	-143.33053	-140.59707	-110.85424
-1522.50362	-680.56914	-365.70448	-257.60828	-225.30685	-142.85589	-113.17331	-92.53744
-1516.95527	-677.77166	-361.17530	-302.34007	-188.36907	-136.55233	-141.48781	-258.55486
-1522.21797	-680.55995	-367.30484	-253.10120	-189.28380	-141.26898	-134.53956	-112.16096
-1515.22002	-677.31136	-438.70592	-251.03730	-225.85368	-219.69342	-112.51829	-92.60589
-1518.59124	-674.07266	-363.16051	-303.20804	-284.87450	-142.86123	-114.01982	-93.27475
-1520.37277	-665.53008	-363.35095	-247.61986	-186.83439	-143.99737	-141.57745	-89.24993
-1515.22520	-798.01499	-364.37385	-254.42506	-229.70147	-140.60558	-113.79767	-87.60555
-1510.59882	-669.44943	-364.36976	-258.05416	-229.66539	-221.23147	-179.31440	-73.27185
-1510.00798	-671.57476	-367.07513	-382.16985	-184.86591	-141.98769	-137.65520	-116.70038
-1524.34654	-677.23689	-356.90729	-250.98206	-492.32829	-218.03055	-93.14766	-90.70733
-1520.50737	-792.24475	-365.81925	-249.53266	-187.88620	-143.25679	-141.44697	-92.87250
-1522.33175	-677.53203	-368.34535	-214.58354	-227.36982	-176.27302	-112.10121	-144.04887
-1511.92582	-805.03820	-367.53286	-249.38939	-229.65688	-143.92555	-113.60895	-145.38911
-1516.59259	-676.37037	-437.40036	-250.24849	-227.85820	-142.32487	-110.99091	-88.35188
-1508.58072	-673.50259	-364.46048	-251.53249	-184.19871	-141.68790	-111.98546	-88.00186
-1306.83441	-798.65171	-367.72406	-307.03551	-188.54504	-173.38693	-114.65451	-113.17393
-1518.74214	-669.39145	-365.10851	-308.09764	-185.28581	-219.31151	-173.32941	-91.82082
-1515.62116	-667.84266	-361.22318	-250.58409	-226.69107	-143.84266	-140.84746	-87.03215
