-483.50270	-380.61342	-364.38010	-246.88971	-277.71250	-166.61370	-174.44877	-90.53745
-445.71648	-304.27662	-439.54317	-246.61402	-221.12439	-170.77223	-108.93725	-145.46259
-415.73673	-303.26485	-268.88861	-242.01580	-489.45425	-213.85216	-111.16613	-93.15424
-416.22720	-304.01265	-366.02546	-244.09965	-187.54588	-138.17699	-107.27714	-145.77593
-441.18126	-340.23866	-359.48834	-299.35292	-182.58346	-137.65098	-110.18691	-111.99559
-442.01676	-301.25496	-364.89583	-248.84190	-183.62287	-214.73361	-110.90669	-75.10250
-475.55854	-308.11725	-369.42859	-242.70801	-223.74586	-214.02087	-109.93038	-146.94247
-444.89040	-302.15889	-368.75800	-247.87702	-179.92680	-139.19484	-172.54159	-90.36524
-449.73473	-304.49620	-362.76467	-243.26744	-179.97548	-172.10653	-174.87695	-90.99912
-449.16070	-344.64551	-364.43575	-243.01501	-186.41230	-139.12808	-107.19959	-113.87500
-478.64744	-306.66876	-442.39460	-244.21371	-225.12238	-141.00147	-114.08014	-146.15018
-444.37760	-335.78566	-361.75945	-202.22925	-182.68595	-138.67863	-108.62400	-90.51984
-446.82368	-274.22526	-309.06694	-245.87979	-221.28862	-140.64764	-139.99399	-143.09326
-448.09362	-310.78248	-364.99936	-298.01929	-181.18691	-138.23733	-173.74572	-87.96928
-452.54922	-277.01259	-358.46437	-242.72398	-181.48121	-141.40148	-109.83365	-145.03011
-400.26920	-307.94731	-368.30113	-241.16190	-183.66160	-142.06941	-112.35498	-141.91914
-421.17764	-301.61585	-361.15303	-241.66390	-180.20409	-172.34427	-113.22192	-263.82392
-449.45991	-336.83998	-361.62791	-242.11227	-178.98912	-137.74344	-110.86852	-93.82821
-473.73772	-303.39026	-442.76957	-241.60200	-184.11387	-168.36401	-111.98978	-147.14894
-450.28532	-272.95140	-363.06856	-243.87012	-222.65372	-172.73843	-110.23455	-96.45743
-444.57809	-304.77566	-365.16400	-241.30599	-182.49803	-137.76533	-109.68941	-93.03436
-440.71541	-303.06813	-372.96094	-240.25342	-184.06538	-137.80950	-140.10549	-94.40473
-450.01279	-337.79717	-359.82140	-241.46862	-187.71239	-114.15569	-110.28035	-145.44204
-451.05032	-379.99616	-365.05349	-248.10353	-185.34019	-139.04165	-137.98616	-91.63838
-448.70779	-302.74951	-357.64533	-244.31962	-223.20591	-137.50912	-135.64605	-146.58650
-448.88586	-304.77331	-312.73132	-245.67432	-183.16453	-138.46606	-112.03310	-92.53899
-449.74532	-273.44119	-361.24954	-371.16031	-178.91316	-136.70727	-109.90804	-92.85422
-447.91041	-306.12374	-360.13020	-202.83035	-178.99837	-377.23330	-140.74557	-144.17537
-445.21131	-304.85932	-312.02021	-246.12207	-150.18587	-168.30543	-110.71040	-147.04721
-445.21546	-302.66429	-362.05935	-241.15870	-223.32030	-116.38361	-108.16247	-93.45522
-444.86671	-341.77427	-354.42833	-241.86881	-180.14654	-141.52961	-173.51285	-90.91998
-443.58205	-306.57420	-358.70879	-243.60730	-274.09143	-378.26916	-110.01744	-93.03772
-482.36320	-305.91910	-363.25514	-244.32280	-183.80301	-138.20483	-135.25974	-90.52056
-451.92638	-301.84858	-358.56371	-249.14258	-185.53204	-137.19983	-176.21986	-90.24302
-447.31399	-304.62602	-354.53499	-239.92217	-182.11762	-141.63032	-110.53667	-90.31982
-448.24318	-312.10950	-362.87062	-242.77747	-184.18052	-137.96131	-113.45358	-90.76497
-445.06350	-279.06934	-372.25718	-243.83352	-181.48008	-136.46976	-90.48278	-148.13298
-511.45357	-303.96578	-300.15608	-246.23002	-179.82245	-169.06074	-135.04489	-258.00643
-481.20786	-334.69670	-364.65627	-242.26052	-179.47964	-115.44252	-131.86157	-141.49175
-444.15191	-300.24934	-366.78984	-241.03812	-183.31132	-135.26035	-108.88643	-89.63648
-446.38236	-302.31519	-356.53292	-201.95175	-179.33097	-140.42593	-141.02005	-113.66743
-449.65117	-275.72471	-359.40663	-241.37108	-275.23493	-139.39749	-88.42058	-142.10167
-415.06964	-301.41496	-364.62881	-235.25782	-185.33940	-139.11398	-104.79123	-114.63963
-449.36747	-304.18639	-307.18649	-242.72682	-185.01143	-214.54832	-113.02398	-145.33434
-437.84444	-377.39609	-367.29913	-246.06213	-179.79473	-138.16551	-89.69490	-115.83432
-473.11802	-309.01838	-363.41062	-244.76944	-185.52236	-175.19342	-111.05569	-146.91986
-509.34158	-302.18245	-367.36484	-244.82614	-181.06877	-135.72547	-108.50729	-95.32186
-451.60707	-278.11310	-356.97780	-244.87059	-183.37164	-140.77313	-111.67545	-91.08577
-444.34750	-304.02752	-363.19759	-244.91507	-174.02240	-217.55862	-172.13782	-145.75736
-478.59024	-277.62684	-306.78081	-238.87143	-184.68245	-169.64015	-138.84399	-91.09348
-451.20977	-342.09488	-357.26147	-199.52337	-181.73414	-139.65898	-110.30205	-91.93637
-447.90378	-336.98443	-364.95276	-242.48310	-224.92694	-117.84330	-175.31891	-89.31845
-491.45312	-309.12094	-357.61505	-244.59948	-277.11571	-212.13696	-137.70761	-114.24779
-489.81522	-388.90772	-359.83932	-240.94459	-175.86124	-167.33693	-139.28738	-85.99482
-486.05927	-280.52284	-365.88019	-237.38751	-181.17338	-135.96817	-112.05689	-145.56888
-451.53825	-306.09651	-363.02405	-244.68145	-188.63883	-135.31500	-135.37215	-85.71262
-454.79497	-384.05889	-364.87543	-369.10264	-183.31548	-169.45309	-136.80264	-144.30161
-449.70064	-303.74944	-359.45913	-241.00677	-180.40090	-139.74061	-94.10920	-92.15606
-447.01012	-313.31571	-308.80909	-241.47912	-179.78735	-140.92142	-135.87914	-142.73312
-454.50846	-312.42405	-360.29651	-233.41081	-177.90114	-211.99180	-113.41151	-88.20556
-447.52354	-311.59708	-358.75196	-207.02484	-180.54599	-214.90994	-111.11478	-93.29894
-420.35983	-305.61558	-355.90838	-243.34882	-181.04918	-134.56224	-109.73540	-76.56452
-447.56903	-308.02748	-436.00120	-239.75028	-176.41511	-137.36431	-101.34180	-112.87310
-512.43883	-309.14229	-359.55397	-240.70652	-223.38233	-137.74764	-136.48298	-112.93405
-518.04754	-310.84510	-368.69588	-241.26276	-179.50271	-135.55632	-111.91698	-86.73893
-560.60864	-344.60994	-354.68044	-202.47359	-179.80939	-139.45128	-107.17219	-86.27813
-560.63516	-345.96739	-357.45581	-242.15246	-183.95002	-139.16289	-106.57920	-91.55829
-452.09732	-346.28089	-364.70972	-294.41604	-180.97238	-140.52171	-110.52995	-90.04954
-455.28437	-347.99258	-362.28149	-236.84251	-156.83328	-137.15160	-112.34569	-92.29124
-451.77270	-435.15305	-358.57542	-244.46123	-220.52873	-135.05585	-109.76903	-91.93637
-521.47550	-387.17955	-361.28711	-239.77467	-180.50691	-116.58272	-109.46595	-91.55445
-489.08209	-309.20248	-361.50332	-244.95004	-184.51891	-138.05182	-111.73972	-114.37392
-484.33075	-309.94705	-353.07709	-246.04905	-181.09813	-134.65149	-109.47534	-88.40506
-483.75181	-302.23044	-359.59086	-205.65280	-182.91249	-138.76996	-93.91906	-91.32067
-605.54179	-340.14966	-364.03141	-244.16708	-184.35207	-138.68793	-111.28292	-140.35678
-520.03622	-382.50905	-363.52450	-241.15394	-182.58936	-138.76939	-94.47938	-113.12301
-450.75653	-338.53444	-311.07113	-240.15412	-218.30124	-139.21951	-107.03693	-111.15551
-454.21752	-348.40204	-361.88415	-202.19334	-225.80653	-140.22260	-108.69242	-113.01345
-488.82396	-303.01115	-364.31255	-243.32563	-185.20638	-137.36951	-108.69277	-145.75456
-458.40079	-382.26496	-359.78987	-242.09644	-276.73732	-172.84077	-110.48317	-84.92659
-446.54412	-309.62905	-304.18016	-242.70042	-181.46626	-136.17408	-109.20407	-115.40922
-488.06716	-437.17792	-358.89250	-243.20656	-181.11237	-137.60169	-110.56732	-93.00073
-450.81318	-285.42141	-357.38074	-242.62250	-183.25428	-171.49569	-111.22412	-93.27000
-448.83155	-304.22650	-347.03105	-238.98694	-183.91537	-136.84153	-108.47359	-89.21048
-485.13803	-317.62273	-355.39480	-201.93791	-181.07890	-134.70131	-110.43599	-88.16661
-490.11662	-344.40194	-353.09215	-246.28262	-184.03390	-140.85212	-174.55395	-90.60877
-447.95293	-340.16186	-360.88038	-243.29338	-182.40031	-137.91405	-106.28035	-92.44698
-517.94660	-307.25193	-358.40676	-204.67832	-222.92411	-134.31657	-93.71540	-115.53091
-479.92751	-309.36954	-370.03354	-244.52161	-223.12581	-139.11444	-106.28115	-87.03214
-452.39927	-306.82115	-300.13292	-239.62058	-180.91855	-170.98021	-111.77151	-72.58104
-483.31272	-302.42289	-308.30692	-238.74259	-186.11866	-136.43928	-109.17674	-86.47823
-458.74910	-382.06627	-306.47293	-238.87882	-178.94653	-212.62825	-105.88160	-145.04725
-454.73754	-432.27272	-355.03747	-204.60191	-178.92298	-136.47334	-109.14438	-144.32376
-449.43108	-342.14236	-356.13939	-238.41752	-223.35751	-172.32917	-111.63564	-113.67957
-448.18091	-380.27421	-359.43533	-246.94391	-180.65779	-214.86833	-133.12249	-111.29104
-486.82782	-314.00605	-304.91668	-236.96538	-186.59589	-137.31994	-109.22324	-91.66430
-517.08067	-345.00221	-362.85600	-243.35588	-182.57910	-136.69214	-109.83020	-145.08244
-450.59965	-348.95632	-358.91268	-242.06806	-156.13683	-142.98407	-135.15702	-89.99233
-450.33333	-308.14018	-357.47244	-244.62009	-183.61370	-109.96314	-133.92728	-89.40435
-480.81421	-341.73037	-365.54442	-250.93073	-184.48668	-140.84387	-110.24058	-92.98577
-487.08105	-378.90344	-302.31773	-247.36159	-185.64938	-140.62752	-91.56352	-93.26649
-453.68155	-306.52227	-364.59000	-203.54363	-224.16210	-172.87446	-111.07332	-92.67136
-479.91075	-302.47588	-364.64105	-247.74275	-180.74751	-173.80860	-170.94747	-94.90176
-454.08105	-306.20531	-362.15845	-248.39254	-227.91909	-137.46458	-174.37806	-90.60501
-482.73104	-308.53324	-361.91263	-247.11873	-188.20313	-139.66697	-110.47238	-92.72599
-446.94720	-305.71163	-366.78860	-250.10391	-224.58229	-142.41998	-173.89088	-113.78413
-556.92341	-340.98162	-364.30004	-304.63323	-187.22112	-216.85611	-112.26305	-113.04502
-525.49661	-306.34174	-364.72198	-246.65868	-182.16948	-174.25729	-109.60613	-93.62374
-564.11055	-343.63952	-363.21201	-250.29254	-184.73207	-139.39508	-112.97371	-86.77681
-521.32614	-432.58825	-362.42228	-247.72600	-181.23589	-382.13631	-112.23294	-93.27210
-565.02736	-342.23906	-363.80995	-250.63505	-181.61656	-174.17398	-114.62524	-93.47936
-484.68405	-337.25610	-361.61636	-249.49984	-227.58224	-217.37179	-135.76470	-90.15074
-422.35807	-306.94127	-365.57600	-244.35046	-154.11024	-138.44175	-110.69340	-90.65492
-444.80144	-309.05520	-359.62728	-247.32702	-187.75578	-140.19061	-107.06154	-91.31052
-454.72817	-305.22815	-361.24884	-247.43700	-188.03820	-216.82594	-136.04388	-145.44204
-447.12848	-303.03247	-365.35386	-302.87563	-183.07651	-169.24458	-174.38700	-94.89214
-453.50174	-309.08932	-361.30219	-246.05955	-222.31963	-137.69585	-113.60744	-145.48602
-481.70349	-311.66574	-366.30463	-253.64725	-180.86270	-216.94528	-109.40441	-89.62477
-484.52021	-381.32296	-369.53387	-246.69252	-186.01726	-138.29700	-138.25719	-88.81332
-451.52027	-310.40940	-360.09455	-246.15581	-222.60258	-140.99670	-134.27212	-93.29894
-486.57258	-339.91420	-305.48778	-240.13261	-186.25949	-139.74367	-111.31932	-111.72239
-450.75652	-304.02546	-360.81740	-251.77027	-181.38995	-135.62837	-137.41612	-92.53322
-484.86940	-340.32587	-365.39610	-242.72755	-184.61891	-140.39427	-111.38862	-91.55087
-449.17389	-336.74054	-359.43497	-369.15059	-182.60324	-211.26011	-110.02288	-144.77776
-452.92927	-387.82502	-367.29350	-248.40098	-227.24698	-135.26461	-112.84824	-90.61398
-487.06655	-377.33690	-362.06898	-241.15560	-183.22435	-217.38261	-110.93277	-113.43266
-448.81389	-330.54499	-364.68943	-245.44479	-155.45684	-133.02015	-109.24957	-88.43263
-453.90247	-334.00646	-364.82613	-246.96473	-187.42638	-134.67394	-109.26275	-92.07291
-478.74408	-344.14439	-363.30071	-250.60476	-223.54207	-136.69987	-112.58776	-114.63896
-454.19640	-338.81660	-362.91811	-238.84440	-182.10202	-167.51882	-88.17047	-91.80962
-448.30357	-304.28811	-366.50233	-248.12987	-187.85278	-214.85602	-111.77151	-91.91822
-522.55233	-306.46633	-362.33576	-251.93813	-184.43772	-139.72577	-175.36958	-113.97482
-522.90474	-306.49915	-362.43835	-240.83915	-184.30619	-215.71723	-110.77616	-90.54872
-484.78967	-345.16203	-362.31663	-243.12664	-184.13637	-135.42038	-113.26701	-77.52105
-482.04880	-335.82998	-363.04326	-247.19760	-184.71363	-169.75538	-109.64929	-90.30752
-453.42639	-306.76045	-364.58965	-246.75726	-223.48385	-140.28983	-113.59913	-116.86036
-564.45691	-379.16748	-364.59229	-212.39403	-181.66989	-138.38047	-176.03243	-92.38932
-423.31610	-338.24518	-368.86244	-247.69357	-184.75060	-138.19240	-113.22558	-111.13386
-484.52363	-437.02829	-362.93338	-246.41019	-157.14132	-134.37166	-136.48243	-91.14475
-521.65373	-433.83271	-358.24179	-249.34545	-284.22536	-140.69869	-107.02060	-107.37635
-451.72313	-311.46849	-369.98907	-248.59735	-183.84926	-215.48802	-107.82092	-90.10082
-449.20052	-307.75412	-356.48629	-242.46592	-228.67157	-141.36565	-138.87320	-90.92005
-452.08032	-342.13390	-306.65217	-246.68000	-221.57342	-139.95149	-114.62524	-94.62147
-488.38233	-341.42131	-365.16425	-206.84567	-184.45094	-139.10380	-135.91081	-86.86616
-478.81276	-273.43585	-310.32822	-246.28879	-223.31885	-139.35215	-110.82509	-92.82310
-557.10260	-305.14170	-362.36740	-252.63399	-182.34346	-136.78834	-90.65024	-88.89602
-454.15088	-307.75908	-361.57782	-242.17797	-279.46014	-172.23445	-112.31451	-89.69561
-524.34980	-311.61936	-369.15883	-200.94439	-184.91398	-138.08084	-111.04526	-145.81932
-484.19059	-433.05341	-365.36196	-246.35495	-223.32575	-172.95469	-139.34666	-88.91417
-447.64079	-335.24537	-369.09675	-250.57534	-182.58936	-142.49669	-110.62860	-91.47702
-558.48604	-371.74927	-447.67813	-399.05867	-233.75067	-143.66919	-111.29997	-112.44593
-447.48217	-270.69763	-548.18629	-272.24643	-189.28570	-141.77879	-137.24220	-87.68454
-481.37686	-326.55405	-375.26580	-317.22951	-500.05293	-142.62108	-112.45709	-114.65970
-481.94605	-332.10279	-371.73790	-392.41458	-227.03837	-172.38193	-112.12929	-93.69369
-455.84086	-478.33986	-551.78816	-263.39404	-230.44799	-215.95746	-109.30793	-93.64960
-391.81195	-301.37257	-552.97509	-269.96730	-190.10964	-142.10931	-107.66790	-75.10462
-417.24768	-295.23507	-364.49519	-396.61310	-193.01711	-138.67723	-137.87393	-88.69281
-444.51307	-297.10403	-450.07038	-267.64597	-187.16806	-382.13631	-111.84683	-144.46746
-445.39706	-296.89568	-376.66186	-314.62417	-194.84595	-140.74404	-112.38759	-89.27901
-480.15797	-330.50234	-550.81127	-396.47380	-190.80553	-140.52840	-138.22507	-116.10305
-449.30435	-334.16568	-373.97691	-262.85491	-292.16174	-219.35862	-114.80851	-91.15838
-483.28754	-295.56521	-552.56460	-223.82401	-163.50490	-139.21740	-173.81758	-114.16944
-447.15413	-333.96124	-374.08680	-316.73846	-190.38828	-138.65700	-175.31891	-116.88278
-447.72955	-298.61087	-367.38763	-395.52232	-194.44483	-143.90078	-312.60203	-88.84394
-459.25149	-331.02909	-370.33968	-321.34061	-190.91776	-212.19618	-140.90645	-114.41430
-456.33282	-372.49990	-447.29672	-259.59394	-290.65215	-217.55862	-111.52949	-90.74185
-475.49849	-374.59583	-372.52918	-263.08238	-189.39036	-139.61526	-137.91428	-112.98170
-447.35577	-332.27536	-449.03312	-263.40633	-233.51755	-143.96891	-137.99410	-147.79366
-478.64776	-294.72642	-373.55273	-266.66790	-292.43541	-175.14580	-134.77703	-90.38062
-446.20624	-374.54160	-374.02183	-318.76680	-292.13308	-141.51432	-109.54402	-117.02379
-449.54486	-335.58560	-369.48920	-261.89035	-193.74541	-143.13331	-172.72142	-84.26737
-448.70195	-298.81053	-368.70335	-260.23812	-192.92423	-142.82234	-110.27603	-93.01343
-452.06249	-319.36893	-371.22788	-258.73074	-195.07002	-142.19159	-112.77671	-90.98912
-450.12502	-297.70534	-367.66855	-269.09603	-190.03124	-218.75964	-137.10211	-91.44458
-522.40282	-421.17368	-370.88474	-264.89807	-195.28960	-138.73403	-110.04092	-112.77643
-454.59257	-293.46740	-451.88295	-322.08368	-287.40167	-139.19474	-175.81275	-143.31483
-450.86678	-333.16205	-372.47164	-394.04886	-233.59346	-214.45278	-113.32575	-90.57861
-474.04434	-328.03614	-376.54539	-263.99314	-190.44146	-139.32575	-109.19878	-90.35451
-450.67773	-301.72489	-377.44766	-264.89282	-292.75766	-141.05461	-139.18732	-93.89183
-450.13623	-419.68348	-373.28745	-268.64143	-285.78313	-174.94990	-109.15756	-91.13487
-561.67694	-323.04378	-374.28331	-259.33070	-230.28006	-141.56600	-175.87515	-73.39711
-449.06491	-336.05865	-553.79671	-668.37957	-189.77565	-174.50290	-109.73828	-90.14346
-445.97219	-369.00811	-373.60997	-265.81467	-192.83018	-378.25571	-313.81931	-87.68335
-446.82202	-328.45089	-369.17181	-265.05729	-232.03857	-174.27492	-112.69145	-89.06806
-481.43349	-330.51679	-371.46982	-315.64705	-293.13367	-138.74719	-109.19086	-91.39523
-446.13438	-294.83191	-372.74200	-256.62881	-287.11294	-380.51980	-176.02100	-148.09105
-446.75444	-330.25753	-371.20171	-266.07061	-190.08267	-172.98073	-141.08856	-113.73635
-454.79948	-293.38484	-371.66702	-263.51040	-234.00779	-173.96908	-111.25833	-91.34571
-448.38309	-367.83943	-370.49240	-394.41531	-291.03549	-170.13161	-113.73164	-91.16177
-452.49778	-329.07681	-371.04743	-322.08410	-186.83682	-140.95437	-114.33746	-93.65570
-450.55606	-333.56108	-373.80762	-266.90146	-196.01924	-217.24560	-113.46109	-89.90250
-450.80283	-300.88680	-934.00357	-394.13396	-232.38867	-139.43410	-174.00680	-92.56073
-446.55311	-291.58028	-371.30328	-266.35222	-191.84290	-116.07828	-109.63838	-114.90509
-444.26541	-300.49208	-374.16539	-390.58801	-195.35804	-143.22459	-137.61616	-91.66430
-448.95271	-299.16555	-370.83093	-312.98128	-188.30880	-142.47371	-111.75882	-115.27681
-442.33818	-296.71581	-375.02088	-260.78990	-285.67393	-173.65911	-108.95964	-91.39548
-482.74661	-932.28559	-450.47600	-262.02648	-286.43066	-171.51532	-107.85139	-91.61897
-444.31805	-291.45894	-546.81306	-263.77643	-497.06253	-141.23583	-114.06671	-90.15017
-452.41820	-326.76715	-376.72212	-264.62421	-230.19708	-142.61462	-170.97916	-94.06800
-487.72672	-423.96727	-553.07695	-273.08176	-158.91775	-173.18382	-137.58168	-93.00297
