-1510.47639	-800.91037	-364.26248	-233.89171	-181.60939	-144.03735	-112.02016	-102.16826
-1518.17298	-657.40139	-342.17532	-242.76354	-181.29209	-140.28232	-113.48838	-108.75128
-1512.14719	-655.06123	-343.30136	-244.10394	-182.48323	-151.79217	-122.19914	-106.74047
-1515.61087	-655.90656	-360.84738	-257.93333	-202.04335	-170.78294	-142.73319	-104.41704
-1509.82855	-607.70921	-361.11258	-283.81582	-202.03820	-198.04431	-136.04984	-100.65739
-1511.20572	-605.82321	-359.75231	-259.77190	-183.86327	-162.85472	-126.50288	-119.16650
-1513.83695	-607.37749	-356.66482	-275.28659	-198.22927	-167.41928	-145.63432	-107.18749
-1513.81983	-605.87101	-359.01138	-255.61245	-190.48077	-159.11833	-129.90970	-106.92964
-1521.63555	-653.95864	-364.59893	-241.01528	-197.67223	-145.15639	-147.98594	-127.62278
-1520.06061	-652.42844	-340.57911	-221.63614	-182.19883	-139.50219	-148.01678	-123.12351
-1526.90337	-654.63210	-341.52117	-221.56970	-189.99959	-139.27331	-131.95222	-122.74247
-1526.84637	-657.26468	-341.02482	-222.17253	-181.49110	-134.40373	-122.75237	-99.30714
-1521.21750	-608.24671	-357.51590	-222.07758	-181.04707	-137.33239	-122.55178	-94.60972
-1523.51761	-611.51391	-360.13995	-232.47635	-182.70297	-142.95363	-116.97988	-93.82509
-1516.56549	-604.54977	-358.97010	-233.38857	-182.28789	-142.76468	-110.85597	-88.26995
-1509.96289	-604.49380	-359.12433	-224.60683	-184.45426	-143.77135	-103.62733	-87.67129
-1513.67249	-606.80354	-358.96528	-236.22398	-193.73142	-157.00789	-104.39646	-88.79659
-1508.84546	-715.88677	-355.34383	-235.49016	-194.79529	-149.29769	-105.10225	-92.48115
-1514.19080	-866.03227	-356.81851	-234.90534	-204.70975	-144.22710	-107.65701	-105.68280
-1518.18679	-866.77089	-357.07488	-244.94899	-190.68014	-139.42956	-110.87171	-135.63656
-1517.12418	-866.08633	-359.66577	-243.43343	-190.73640	-137.71211	-120.99345	-127.99733
-1520.19770	-656.60316	-360.71312	-244.60487	-188.43593	-137.77194	-114.26499	-126.64587
-1516.23629	-654.89361	-359.53494	-258.45191	-181.75122	-138.17359	-117.67591	-109.18167
-1513.51189	-655.21064	-358.62742	-245.54467	-182.94426	-141.26434	-118.15987	-106.25882
-1518.37537	-654.69159	-357.72674	-234.32938	-182.86757	-137.54765	-115.94380	-99.85343
-1521.25790	-656.10503	-355.82508	-232.73318	-182.66908	-142.30634	-113.67605	-92.28091
-1521.42887	-719.08673	-359.85041	-230.75212	-183.64993	-140.56850	-123.81617	-93.96883
-1524.49237	-655.95624	-341.29184	-230.07039	-184.28908	-136.37512	-116.89927	-93.29039
-1527.78678	-611.06835	-339.50932	-230.90332	-193.29398	-136.40943	-109.22440	-91.32525
-1527.81493	-607.96987	-340.25215	-231.74675	-211.39832	-137.30231	-118.25088	-98.54630
-1807.02471	-609.03559	-339.29349	-231.39594	-210.96284	-138.59065	-105.68509	-119.13936
-1527.42950	-606.50771	-356.35303	-230.88002	-199.96043	-145.81514	-107.55855	-121.64096
-1518.65704	-651.20468	-360.35189	-230.24021	-191.58119	-147.17932	-105.29434	-121.67651
-1512.28998	-652.43873	-359.62617	-240.27191	-198.76950	-166.13464	-109.53773	-103.81746
-1515.56371	-650.56034	-356.01330	-239.42742	-181.33787	-185.30496	-115.19116	-95.18609
-1512.54394	-652.53516	-357.58662	-231.67714	-175.53401	-148.62089	-114.47997	-95.06512
-1522.63324	-654.76658	-357.48648	-233.18247	-176.24242	-148.01868	-121.64102	-97.87647
-1525.32810	-655.13410	-357.93641	-233.54615	-176.97929	-168.96780	-112.39850	-92.27444
-1519.78957	-657.11201	-358.80302	-235.60800	-210.90608	-156.42825	-115.21900	-93.90616
-1519.71445	-656.44349	-356.78185	-243.84898	-211.49132	-155.43329	-114.02468	-97.50751
-1518.69333	-603.39035	-336.40043	-243.30661	-211.96536	-138.29712	-118.32420	-94.26616
-1520.06601	-607.39495	-336.82132	-243.38477	-240.04052	-142.19189	-109.41165	-91.41109
-1522.35087	-607.52255	-338.07736	-241.73986	-199.18756	-155.07653	-113.14758	-96.02248
-1519.62316	-608.23371	-340.78511	-242.21010	-182.72916	-165.68095	-117.79687	-100.62683
-1515.51352	-658.08981	-341.90338	-242.36774	-180.56445	-176.73540	-130.18997	-106.13008
-1513.49035	-718.25886	-360.24654	-242.16767	-181.97203	-163.06275	-124.23772	-110.24161
-1507.59613	-719.48581	-360.58889	-242.69970	-189.50827	-155.63613	-123.36139	-109.13161
-1511.70848	-720.94165	-359.13369	-243.79892	-193.41892	-143.61816	-119.52981	-108.57263
-1511.38717	-720.75583	-360.40316	-244.59689	-193.02721	-150.49769	-110.31502	-101.74595
-1508.66153	-656.09365	-359.59742	-244.77974	-178.35809	-177.32525	-118.19677	-100.39533
-1304.30335	-664.02103	-318.16542	-244.54664	-191.18582	-146.96550	-111.78432	-114.00507
-1300.68651	-664.01506	-317.26962	-242.08299	-191.87802	-149.04207	-110.97843	-117.25017
-1302.55633	-665.82220	-314.52795	-220.92651	-228.11426	-137.11361	-113.59844	-92.78440
-1307.78841	-667.93469	-318.45812	-219.83035	-210.94919	-127.74008	-116.26757	-89.73191
-1515.77562	-615.91978	-337.09264	-218.87377	-208.76254	-128.91775	-118.56442	-101.43797
-1516.74445	-614.85243	-339.15612	-219.31403	-201.07600	-138.25003	-110.12834	-93.40326
-1513.66734	-613.78768	-356.93539	-238.26575	-199.89740	-132.42882	-110.51360	-89.33152
-1509.72541	-613.33095	-355.81975	-240.16777	-181.95771	-137.23058	-119.06298	-91.88057
-1512.76693	-661.96097	-354.43369	-239.06912	-190.63153	-137.76150	-113.88589	-96.91698
-1512.39130	-659.60181	-352.10919	-237.46425	-181.93130	-138.32370	-113.88625	-90.99739
-1514.18779	-659.82769	-353.29476	-239.65315	-200.09193	-146.10648	-123.18505	-90.18634
-1520.95548	-655.74556	-316.76186	-237.90531	-181.55674	-145.68331	-123.33153	-88.98433
-1522.10958	-654.74750	-318.02175	-239.34145	-187.58171	-139.00575	-121.89118	-99.25254
-1518.33493	-718.00967	-318.70396	-241.36849	-180.39107	-139.26886	-128.47716	-90.01912
-1515.01764	-715.75843	-318.00096	-230.08758	-180.23518	-144.53350	-116.46593	-102.09414
-1512.12750	-605.39711	-338.14132	-228.85529	-189.74022	-138.28810	-112.73309	-97.56147
-1514.25600	-604.84181	-354.16974	-228.78772	-201.03667	-141.52612	-115.04066	-103.67999
-1517.78603	-607.62924	-356.18381	-228.74342	-209.72045	-130.76729	-117.39773	-102.74433
-1523.37362	-612.40287	-356.76415	-252.28360	-199.11511	-129.58657	-116.53088	-95.88486
-1516.83851	-662.84538	-354.93302	-241.14102	-191.45015	-130.64150	-121.50601	-92.95644
-1306.20722	-963.04374	-353.08633	-230.67293	-198.68576	-130.92810	-117.51474	-93.19781
-1309.07193	-665.47633	-351.14446	-230.22242	-190.44339	-135.96437	-118.01913	-93.20852
-1308.54876	-662.99803	-351.59949	-230.33213	-182.34618	-136.43970	-113.19289	-94.14806
-1306.50034	-661.48880	-350.93968	-231.78504	-188.16253	-132.26361	-128.71936	-116.73742
-1514.56757	-660.32489	-354.34328	-239.82634	-180.07655	-133.07811	-127.61778	-100.61305
-1511.75636	-660.62039	-356.94572	-240.27177	-180.78880	-137.28829	-136.87530	-93.71016
-1511.56478	-659.75845	-356.25591	-239.22157	-180.71800	-141.23841	-156.20585	-89.60679
-1514.17607	-656.36535	-355.60510	-237.78008	-188.15625	-142.68286	-143.08323	-86.16549
-1514.27327	-654.50256	-352.27803	-238.34948	-187.29748	-142.11921	-115.15307	-93.31169
-1516.78792	-656.43037	-350.90402	-237.82391	-186.33732	-152.39180	-114.34764	-99.35195
-1519.28057	-653.36857	-352.88630	-238.77865	-187.11070	-154.83012	-109.83666	-98.67992
-1519.02696	-656.46504	-355.33186	-239.11435	-178.95360	-155.26218	-112.55831	-101.31324
-1517.35185	-652.19570	-355.23795	-239.50023	-178.31411	-142.54667	-117.38317	-97.56203
-1520.21148	-653.84162	-353.97250	-240.28829	-178.39908	-141.89820	-115.81710	-108.42091
-1521.40475	-656.38868	-351.77121	-240.63848	-179.56498	-144.96314	-110.31561	-112.67523
-1521.95324	-656.12084	-351.71682	-240.84405	-180.52710	-140.50451	-123.34929	-126.20319
-1517.89000	-659.01435	-333.84355	-240.06623	-181.35693	-128.64777	-117.98533	-108.84318
-1516.19782	-657.86527	-335.50512	-239.34633	-183.00726	-138.59186	-118.90664	-104.17445
-1516.25717	-656.77257	-336.61880	-239.28741	-190.11344	-150.20423	-117.13962	-106.21458
-1516.03438	-656.75128	-336.91964	-239.28179	-191.25190	-168.69981	-113.32119	-112.84429
-1523.04904	-660.15359	-355.24282	-238.52914	-183.49839	-155.65204	-106.98941	-98.39120
-1526.93618	-659.30155	-339.24997	-239.79657	-177.10826	-138.44544	-106.13769	-95.31310
-1525.27002	-660.66912	-340.56440	-239.79441	-177.20331	-150.30085	-104.29707	-89.10605
-1529.18239	-660.84091	-340.19899	-228.13853	-176.65125	-142.47280	-112.62721	-100.42996
-1521.35568	-661.14281	-340.97178	-229.15883	-176.87909	-177.69543	-128.33782	-103.57938
-1523.57195	-723.02722	-359.19689	-229.21127	-181.71400	-177.53785	-120.17010	-90.78237
-1521.10312	-660.19886	-339.67381	-219.13824	-188.48428	-150.45703	-126.76086	-88.30960
-1519.61278	-657.91815	-340.21750	-222.19344	-174.28103	-143.27881	-123.64124	-91.94321
-1529.82375	-719.59311	-338.50412	-230.85746	-173.49787	-138.14503	-120.94500	-93.06868
-1527.83994	-720.28430	-333.90754	-232.10901	-174.11374	-143.10668	-120.64329	-111.38519
-1525.86419	-658.55723	-320.80326	-242.69064	-174.57772	-138.88164	-121.38690	-105.35831
-1527.90808	-655.58363	-317.21734	-231.45644	-169.32409	-138.42806	-125.20617	-101.94126
-1518.57437	-654.55865	-334.16610	-231.69363	-176.32764	-138.62972	-157.68874	-112.71123
-1519.25233	-653.63635	-353.61166	-243.11607	-184.70423	-150.11715	-126.45535	-121.16511
-1515.46813	-655.70524	-351.40982	-229.93636	-184.63434	-154.81449	-122.82003	-126.56564
-1511.24540	-807.32600	-355.05416	-240.50096	-190.54278	-156.92152	-121.27157	-104.53052
-1519.28421	-807.93166	-337.10502	-241.92845	-183.93592	-169.85407	-115.07437	-97.49073
-1518.80048	-660.68991	-336.16707	-240.84118	-183.49363	-151.96065	-120.14716	-97.31485
-1513.47368	-659.35350	-319.12110	-240.72360	-170.05340	-152.23427	-111.74383	-97.10365
-1513.44294	-660.16467	-319.16209	-253.01194	-169.14766	-150.94812	-112.24588	-97.83296
-1511.97544	-661.11479	-339.20672	-251.46527	-169.70966	-157.80832	-112.70662	-98.15792
-1509.31436	-660.95818	-338.37849	-229.27972	-171.19155	-140.76555	-121.30993	-97.88328
-1510.77764	-660.20613	-358.14106	-230.81376	-185.70696	-157.21160	-149.24975	-101.41640
-1514.29137	-661.64348	-341.80186	-231.56350	-186.84535	-153.00504	-130.17802	-99.42821
-1509.45728	-660.63882	-341.25625	-245.17140	-229.36359	-149.97480	-124.41977	-103.92007
-1509.46303	-657.73653	-342.19748	-246.35859	-201.56384	-144.51626	-117.24866	-97.99730
-1519.75534	-656.96387	-341.88924	-246.71385	-201.04319	-143.84390	-113.46550	-101.89125
-1519.61999	-655.90019	-339.48448	-233.15334	-190.60490	-148.63805	-131.16833	-100.70401
-1525.93846	-659.45144	-338.60382	-233.69854	-184.13751	-148.77534	-126.06109	-99.65848
-1524.30234	-613.20051	-303.20901	-268.32289	-192.67602	-145.26449	-138.80339	-105.67882
-1521.85245	-616.31139	-301.14578	-268.23124	-236.94937	-157.48767	-118.96980	-99.32790
-1520.69727	-617.22687	-320.31786	-272.93491	-209.05544	-148.70529	-110.64026	-102.43752
-1519.21764	-614.95003	-318.03665	-254.99711	-198.10972	-156.17606	-113.78079	-99.36687
-1518.97511	-807.46142	-338.23523	-245.58995	-181.72884	-143.37018	-122.76452	-98.90344
-1520.54491	-657.80051	-340.31685	-243.50542	-189.21353	-138.60089	-112.15630	-101.85622
-1516.99428	-656.11196	-337.43551	-231.06195	-189.57931	-143.23112	-116.13717	-105.33872
-1520.25543	-658.87803	-358.52867	-230.90359	-197.10896	-137.99345	-119.22716	-113.94983
-1522.45916	-658.83413	-358.55995	-239.77594	-190.53943	-138.48562	-128.71686	-101.87844
-1519.82442	-612.89424	-357.67926	-241.70597	-182.35666	-134.76323	-130.57958	-95.74917
-1515.89781	-678.07146	-358.19996	-242.49219	-198.79022	-152.16386	-124.55903	-102.25663
-1511.39831	-616.66448	-356.71581	-243.16149	-198.68967	-139.18076	-119.94351	-96.60108
-1507.94431	-616.05295	-355.85721	-242.97072	-182.56962	-130.35309	-111.25724	-105.88840
-1509.04481	-662.09305	-356.79582	-242.62655	-190.87189	-130.41260	-119.92051	-111.43912
-1516.74241	-658.60723	-357.01782	-245.41420	-176.75447	-143.06554	-108.24402	-115.47384
-1522.09136	-655.48080	-358.23039	-243.23516	-176.52198	-131.53887	-111.61032	-105.78514
-1525.43904	-656.93200	-359.60465	-230.02337	-176.20736	-137.35246	-109.84590	-101.28823
-1522.38085	-656.50063	-358.39694	-230.39908	-185.05174	-132.88167	-109.21174	-102.50923
-1524.06816	-660.42610	-359.41091	-238.93272	-182.83582	-148.84722	-122.96377	-102.14295
-1522.22244	-659.87623	-360.03292	-228.99952	-183.37707	-135.06009	-121.99737	-120.28492
-1518.99714	-658.91787	-357.33235	-229.41888	-210.26585	-131.09630	-118.31540	-116.09818
-1523.26309	-724.93729	-357.27342	-228.55828	-209.51825	-191.25550	-131.78409	-108.12420
-1519.99447	-722.43284	-355.28785	-228.68757	-190.95854	-138.92310	-129.31925	-105.91242
-1516.22281	-660.45841	-356.02698	-230.51248	-191.01269	-134.95471	-139.22080	-101.86573
-1520.75605	-656.20683	-358.94843	-231.60098	-199.12810	-140.26003	-146.83749	-99.59028
-1521.16671	-657.07111	-358.11235	-229.17570	-217.72948	-138.81494	-133.52811	-110.40322
-1518.01251	-656.96722	-357.58740	-229.69839	-199.54411	-151.52601	-116.50983	-119.82482
-1516.66219	-657.80842	-355.83515	-240.41855	-184.58354	-157.69633	-120.50419	-121.27564
-1512.41599	-659.52116	-357.31538	-271.50564	-184.66255	-139.28321	-116.37700	-99.64217
-1512.58412	-656.53585	-358.40357	-242.83932	-170.27449	-139.53154	-116.66976	-98.55318
-1518.56768	-655.92104	-360.54691	-242.92093	-178.60971	-154.88826	-142.52990	-100.09020
-1517.36196	-603.02093	-358.69237	-235.99303	-184.02120	-141.14615	-131.19049	-110.08733
-1518.37170	-603.74769	-359.25018	-235.29211	-199.26777	-140.21656	-113.79157	-110.31203
-1516.50400	-600.22300	-357.92312	-249.83075	-185.19973	-166.98164	-126.86819	-102.85161
-1514.64857	-601.66810	-360.60590	-258.02717	-203.18925	-216.67322	-128.54022	-116.14678
-1509.95795	-645.14007	-359.67389	-257.38869	-203.57275	-172.18514	-135.30970	-119.33596
-1507.87950	-645.59849	-359.90154	-269.70311	-197.67222	-153.03776	-123.82437	-107.92832
-1514.99113	-649.10012	-359.75020	-241.98968	-204.90293	-159.50084	-144.23491	-105.51223
-1512.26552	-646.32692	-360.84595	-241.70534	-204.94165	-166.04874	-119.15633	-103.79558
-1515.68800	-644.81817	-361.27778	-243.26393	-200.61302	-153.31573	-119.51184	-96.39313
-1519.87462	-645.13311	-361.39808	-256.15234	-190.19544	-148.47924	-111.15445	-105.31082
-1522.43165	-644.14801	-361.63900	-250.66224	-201.08066	-139.63094	-110.06816	-121.07046
-1520.43550	-643.74345	-362.45095	-250.42754	-182.50054	-136.63328	-110.61424	-101.96421
-1517.44297	-599.76134	-363.81665	-266.58911	-177.76491	-136.05278	-117.11645	-105.24136
-1306.55285	-595.71707	-385.90109	-248.54903	-177.97419	-151.75681	-113.65898	-98.37226
-1303.10576	-595.62641	-420.79316	-254.56599	-209.77022	-152.54295	-116.95886	-96.55416
-1306.62301	-594.84183	-418.76494	-271.13671	-203.62647	-153.59636	-125.95724	-108.37031
-1307.18635	-645.04653	-418.62522	-270.94383	-199.91991	-170.75455	-128.88432	-123.08785
-1519.08544	-645.92823	-363.37704	-270.27599	-200.34894	-167.65925	-121.69754	-99.82259
-1519.86453	-647.24804	-361.89619	-271.56500	-181.76967	-155.50214	-142.00280	-102.37938
-1523.54987	-648.17952	-363.03561	-243.36730	-188.15850	-157.31382	-135.99535	-108.18472
-1522.64097	-650.90915	-361.34196	-243.36796	-200.62580	-146.32527	-132.59805	-106.71152
-1517.51981	-717.86426	-362.57554	-243.20779	-200.41343	-150.41285	-137.66924	-125.34244
-1514.80890	-1118.97982	-362.88890	-243.02809	-208.34050	-158.41491	-139.76682	-116.34347
-1511.92277	-804.04900	-418.67829	-232.03025	-220.73273	-153.12176	-133.76679	-119.82490
-1508.91094	-656.05652	-361.43559	-232.00714	-202.61570	-166.63197	-123.17142	-98.25573
-1510.71912	-653.66480	-358.92474	-237.09531	-199.64295	-154.65641	-122.83994	-96.63240
-1512.28386	-651.72773	-359.32482	-225.59471	-207.78551	-154.22847	-123.58363	-103.18478
-1511.86649	-652.30664	-361.20037	-270.09409	-183.85476	-154.94679	-122.25291	-112.82725
-1514.79653	-711.58716	-360.68227	-257.26917	-183.25148	-164.59973	-122.50428	-147.19689
-1521.57135	-648.06818	-361.10897	-242.97202	-183.23591	-178.09238	-128.26565	-161.25714
-1516.75015	-646.07463	-359.47858	-241.92131	-209.95191	-152.17305	-160.93816	-140.74459
-1147.01936	-647.62613	-356.54666	-242.58169	-220.16644	-152.95760	-169.91738	-112.48076
-1147.08821	-647.06117	-337.90502	-233.38817	-191.57635	-146.38176	-130.55941	-107.80825
-1143.32882	-646.89557	-319.42454	-239.05540	-192.15962	-169.27875	-135.63856	-102.83783
-1146.78308	-649.75568	-320.53363	-239.03393	-191.39068	-160.01307	-126.39611	-102.74229
-1513.27917	-647.30105	-320.99874	-225.25085	-210.97082	-163.59659	-126.11803	-103.95923
-1509.74325	-647.66174	-338.82086	-234.71488	-209.79352	-141.19019	-119.59734	-102.28270
-1512.49581	-651.41209	-355.69226	-242.46143	-182.86968	-136.64866	-122.56452	-112.06917
-1509.38524	-654.54154	-355.20002	-242.36855	-183.04862	-132.51970	-123.66083	-125.86713
-1511.34301	-651.93501	-354.07336	-242.70752	-181.65696	-131.71739	-118.59036	-142.62560
-1514.38208	-652.80260	-355.04530	-242.10322	-190.02574	-136.45576	-134.11996	-142.47731
-1509.97771	-713.58492	-355.31789	-240.61493	-189.52846	-136.79319	-139.61515	-127.40092
-1511.48821	-710.20215	-356.70394	-241.31448	-190.02275	-148.33674	-135.34939	-112.86353
-1513.08721	-711.25705	-341.20459	-240.80671	-202.41981	-131.22261	-122.86433	-120.61857
-1521.10872	-706.74303	-342.02315	-241.82934	-190.04906	-134.48939	-123.51938	-125.60799
-1521.97790	-646.39223	-343.60353	-236.16950	-190.42668	-133.70590	-118.30967	-115.27772
-1522.24715	-792.31341	-324.75748	-249.41691	-190.38970	-134.49235	-125.39927	-112.12692
-1521.62276	-712.42997	-342.13307	-279.98208	-189.90631	-141.97892	-124.72035	-108.98790
-1517.64863	-666.09433	-342.10466	-260.92403	-183.67968	-148.22115	-117.18838	-104.15686
-1516.83998	-605.41923	-341.32118	-257.24836	-190.88518	-138.76177	-150.13538	-115.11135
