-483.50270	-273.65301	-139.23660	-201.88122	-99.22003	-56.10489	-56.13809	-54.55339
-445.71648	-273.30589	-119.17607	-156.41471	-102.12397	-72.08349	-56.20174	-43.33394
-415.73673	-281.52133	-140.94555	-120.79951	-93.34180	-56.58260	-50.06345	-49.68549
-416.22720	-272.28992	-148.32026	-123.62189	-108.18774	-67.62784	-54.39901	-44.46440
-441.18126	-277.04786	-136.84959	-169.12780	-89.75820	-55.07243	-59.94392	-51.98040
-442.01676	-287.17918	-135.28154	-133.38670	-101.21331	-61.30498	-70.31614	-56.82512
-475.55854	-277.74174	-128.62107	-163.22479	-93.48532	-60.40328	-69.41666	-73.65988
-444.89040	-304.62013	-136.05126	-142.81986	-104.66617	-70.15362	-67.57747	-54.09645
-449.73473	-291.05351	-146.01574	-165.34827	-103.12793	-55.12980	-68.98895	-64.01531
-449.16070	-308.35421	-133.14327	-123.88456	-108.16774	-66.82116	-56.58457	-63.78854
-478.64744	-300.27809	-138.52647	-162.53098	-110.53823	-69.98340	-65.34653	-76.33677
-444.37760	-287.24933	-115.10262	-152.79049	-93.04197	-68.89425	-59.37951	-50.64737
-446.82368	-284.68211	-138.22613	-191.23347	-94.39283	-49.96072	-54.92414	-49.73209
-448.09362	-274.38289	-170.91869	-140.20762	-97.18707	-62.35902	-62.66185	-63.92868
-452.54922	-287.31351	-138.44898	-124.46686	-102.74834	-57.55382	-61.85868	-58.53571
-400.26920	-262.72589	-126.30136	-157.54023	-95.99692	-73.00314	-73.19017	-65.00165
-421.17764	-292.95872	-132.67708	-137.52850	-109.21594	-67.05793	-62.85791	-48.91496
-449.45991	-305.66243	-143.55248	-139.19233	-105.86046	-60.45189	-69.84428	-58.53024
-473.73772	-285.89076	-134.87106	-166.24103	-119.32223	-70.07148	-66.41510	-60.40348
-450.28532	-271.46875	-126.16126	-132.54709	-103.19270	-59.83398	-56.39238	-44.54224
-444.57809	-274.70039	-128.62057	-116.65218	-88.98532	-57.77865	-56.19302	-53.00570
-440.71541	-246.66398	-112.86041	-117.74051	-86.58838	-48.29236	-59.67001	-51.53118
-450.01279	-285.97141	-125.64069	-111.26464	-106.98122	-65.20240	-66.42848	-60.13184
-451.05032	-308.04231	-125.16620	-133.02761	-100.78951	-78.64327	-72.59104	-60.57795
-448.70779	-271.81315	-128.37076	-157.09835	-135.60169	-56.50205	-66.37210	-57.82442
-448.88586	-287.54736	-118.20910	-137.08812	-90.62807	-58.34406	-64.17785	-43.99220
-449.74532	-318.56698	-138.09043	-138.43231	-103.41779	-57.13662	-55.02551	-57.17248
-447.91041	-337.61547	-157.81857	-130.38370	-104.92007	-66.57906	-59.87368	-54.12065
-445.21131	-288.19897	-147.17027	-143.13800	-114.31450	-64.18309	-67.85594	-52.43918
-445.21546	-291.86963	-142.96180	-134.01246	-126.89846	-61.77082	-59.13038	-52.57927
-444.86671	-271.89629	-123.56145	-119.85986	-80.71219	-54.18445	-55.03193	-43.88007
-443.58205	-289.48088	-155.34211	-165.35666	-93.87728	-71.71183	-74.86624	-56.93836
-482.36320	-287.55210	-152.21241	-170.94288	-138.44987	-63.55357	-56.21047	-59.40293
-451.92638	-278.99715	-139.89804	-143.92384	-96.85342	-64.74278	-59.44542	-62.49934
-447.31399	-294.98993	-129.39813	-165.96507	-83.53792	-63.40203	-58.95582	-51.51487
-448.24318	-315.76792	-138.26746	-151.00322	-94.69313	-59.73469	-52.72053	-45.34059
-445.06350	-305.90759	-137.98591	-151.63480	-91.37408	-61.10769	-65.37903	-74.02045
-511.45357	-304.98151	-136.43739	-151.23950	-101.93372	-78.23605	-60.76999	-70.48995
-481.20786	-338.64014	-128.77420	-142.98594	-119.00597	-53.46646	-63.32972	-65.92453
-444.15191	-274.73420	-112.44613	-119.14873	-101.87936	-56.74116	-55.79554	-52.11203
-446.38236	-291.78561	-134.44582	-154.78378	-99.83484	-63.86538	-71.71486	-53.76241
-449.65117	-356.91417	-122.32776	-159.30040	-109.70071	-52.92267	-47.37440	-52.15199
-415.06964	-287.28787	-111.11742	-120.87317	-89.75881	-59.98472	-54.32370	-56.84984
-449.36747	-284.75372	-129.94680	-144.64438	-93.98485	-66.32915	-51.64632	-50.48896
-437.84444	-285.73858	-135.33490	-127.94233	-103.56256	-54.85562	-59.57188	-55.91711
-473.11802	-262.30292	-133.76523	-135.76099	-98.65753	-55.73328	-51.86231	-43.70759
-509.34158	-261.70000	-142.13630	-123.02577	-103.70327	-56.69669	-60.22318	-46.02377
-451.60707	-288.02147	-121.04724	-144.45864	-95.04142	-52.38648	-75.42255	-54.36035
-444.34750	-259.88416	-116.32161	-127.91001	-112.88240	-56.58342	-62.29744	-58.77380
-478.59024	-275.52905	-141.85895	-161.25124	-116.66029	-75.34053	-62.79215	-59.79932
-451.20977	-322.87626	-165.92691	-164.56987	-102.80911	-76.91358	-71.56231	-60.65296
-447.90378	-291.52088	-159.71907	-124.60195	-112.05039	-77.08069	-67.92605	-63.59847
-491.45312	-321.83965	-207.09713	-197.94977	-120.32137	-97.29634	-89.71008	-73.73579
-489.81522	-306.11978	-161.85035	-211.32810	-124.18782	-88.75601	-89.28934	-79.36314
-486.05927	-308.16120	-155.19221	-209.88773	-97.17777	-91.17186	-86.57349	-80.21301
-451.53825	-308.64552	-200.30629	-179.78748	-112.01437	-100.90816	-95.14950	-81.28908
-454.79497	-345.78974	-174.05696	-203.22988	-147.70787	-81.01073	-109.58866	-77.87405
-449.70064	-294.71191	-142.02361	-165.88093	-133.70949	-70.77888	-94.23131	-71.22154
-447.01012	-326.09906	-133.32810	-135.20115	-107.25894	-68.42913	-97.93991	-58.10206
-454.50846	-298.66129	-187.12339	-182.35621	-146.43562	-84.23894	-97.73022	-60.45287
-447.52354	-307.59056	-147.67107	-178.67419	-117.61386	-75.95167	-69.63209	-69.32392
-420.35983	-292.27910	-135.95581	-156.40996	-101.40833	-67.77275	-72.18422	-63.16432
-447.56903	-306.00602	-186.44643	-202.30435	-110.73885	-81.37742	-86.42380	-71.54493
-512.43883	-275.50930	-164.64580	-172.67175	-87.49722	-61.75167	-68.80259	-69.37193
-518.04754	-303.57024	-169.70872	-176.07464	-123.54394	-59.66376	-58.94053	-59.13660
-560.60864	-294.04685	-230.78543	-179.34029	-114.08963	-78.24172	-106.37873	-81.52432
-560.63516	-327.87181	-217.31222	-196.38685	-127.95423	-104.91188	-94.54590	-60.00450
-452.09732	-312.00634	-131.40256	-169.11049	-110.21221	-79.38829	-60.07198	-56.95352
-455.28437	-325.13959	-181.41085	-205.60620	-134.84227	-95.42737	-98.23389	-83.45650
-451.77270	-293.12452	-139.87005	-212.12232	-110.82782	-77.94812	-135.65323	-72.91670
-521.47550	-277.10133	-149.96299	-215.22875	-108.46342	-70.16100	-69.08399	-66.09667
-489.08209	-331.47221	-159.35440	-167.38517	-99.38006	-93.53638	-81.47107	-63.15210
-484.33075	-295.67229	-164.11132	-171.94150	-117.98389	-104.80275	-78.18148	-81.36146
-483.75181	-276.29553	-147.04461	-185.36864	-100.28358	-68.17456	-59.19887	-60.20986
-605.54179	-290.38718	-191.52069	-213.27871	-86.06813	-64.38013	-74.80217	-62.34600
-520.03622	-309.15591	-202.05849	-234.53705	-158.54814	-87.18138	-90.83923	-73.91031
-450.75653	-280.35648	-161.30521	-203.91407	-108.35177	-64.90380	-88.42372	-61.11258
-454.21752	-294.58834	-175.64784	-157.76090	-113.62213	-72.82104	-79.09520	-67.17885
-488.82396	-326.21766	-194.13182	-210.74720	-113.91158	-73.22657	-100.75222	-69.56318
-458.40079	-328.40761	-178.66799	-184.39921	-145.96383	-95.22688	-89.84638	-74.58384
-446.54412	-308.15897	-132.34368	-148.09426	-91.04586	-79.15886	-97.53031	-53.52082
-488.06716	-329.60741	-214.89847	-208.44908	-106.08820	-97.99642	-131.29587	-74.02202
-450.81318	-327.27771	-177.11552	-233.46597	-112.84842	-82.63396	-118.86859	-64.30912
-448.83155	-291.21646	-124.69426	-179.10608	-126.97580	-63.52308	-76.38610	-57.18720
-485.13803	-294.28812	-204.24884	-211.95732	-127.91117	-81.87839	-115.52620	-72.77791
-490.11662	-297.72301	-152.85833	-184.20772	-138.32376	-69.77140	-96.70852	-61.50075
-447.95293	-293.62001	-149.90315	-181.23417	-120.65391	-62.99797	-77.28957	-75.39181
-517.94660	-304.47880	-158.97285	-230.23241	-109.57696	-86.59905	-87.08235	-64.31930
-479.92751	-294.20770	-148.40535	-210.45849	-108.04894	-93.09607	-93.94689	-101.24543
-452.39927	-359.14387	-182.36366	-225.87737	-105.22487	-74.85841	-63.47467	-97.69950
-483.31272	-307.13264	-193.26340	-218.01316	-78.38528	-77.37084	-65.83228	-73.11109
-458.74910	-312.42439	-219.42270	-224.64212	-116.54884	-88.34291	-103.75685	-105.00382
-454.73754	-298.02409	-162.11894	-176.41510	-125.32896	-81.57321	-97.58478	-105.36682
-449.43108	-332.12932	-134.61916	-251.05535	-106.63996	-73.82187	-68.40131	-63.12430
-448.18091	-312.83956	-139.31787	-187.17054	-109.79588	-80.72980	-115.75050	-54.36756
-486.82782	-295.19821	-192.32398	-179.34630	-133.74668	-76.83786	-84.67678	-69.08068
-517.08067	-383.44885	-153.13523	-153.50333	-128.68374	-65.68993	-79.78908	-67.06593
-450.59965	-324.32903	-203.23466	-150.48743	-119.64052	-76.64229	-96.11300	-70.35938
-450.33333	-306.85190	-177.99473	-184.89850	-121.74070	-84.43939	-102.65643	-81.26227
-480.81421	-286.51004	-147.12126	-175.63417	-85.93366	-82.14198	-69.15791	-59.01558
-487.08105	-325.86366	-178.20030	-203.84151	-118.34360	-87.86562	-158.61959	-84.35972
-453.68155	-294.16967	-144.74988	-166.58981	-95.16195	-82.38004	-80.79904	-53.67084
-479.91075	-306.48958	-148.85126	-197.65484	-122.45385	-91.36022	-90.80487	-72.40098
-454.08105	-279.09944	-153.90192	-163.26857	-131.72145	-81.73467	-85.08310	-61.24007
-482.73104	-292.67816	-186.57357	-197.01293	-121.62969	-70.12511	-103.13389	-53.80258
-446.94720	-305.12611	-172.19777	-156.49293	-103.80533	-84.98098	-97.65862	-59.70467
-556.92341	-295.19055	-142.76437	-193.80605	-98.17716	-68.29999	-68.47657	-64.88759
-525.49661	-293.38282	-166.24725	-243.33424	-119.80873	-66.10541	-109.92678	-65.77839
-564.11055	-294.11633	-158.19548	-233.62876	-110.47174	-86.90899	-77.41876	-56.94356
-521.32614	-308.85440	-174.28174	-201.77236	-98.19559	-72.62547	-101.48803	-62.01410
-565.02736	-294.35186	-170.26764	-221.10265	-132.99986	-78.50830	-71.49779	-54.08059
-484.68405	-310.18896	-213.83813	-166.69678	-149.36631	-88.18986	-82.61666	-62.92991
-422.35807	-324.79313	-202.01160	-223.81222	-114.72105	-85.47833	-107.06650	-68.59833
-444.80144	-307.87406	-145.86226	-154.11970	-102.08048	-78.45482	-85.04722	-69.92913
-454.72817	-296.03007	-193.14999	-153.74509	-113.88531	-83.57617	-101.57878	-70.75705
-447.12848	-289.10616	-141.01198	-175.91963	-114.90195	-87.48031	-70.10132	-60.17089
-453.50174	-304.78921	-209.23236	-174.15470	-120.95760	-109.03609	-93.61429	-99.85472
-481.70349	-305.48527	-161.02038	-162.84106	-121.82203	-81.74696	-70.31261	-51.22098
-484.52021	-324.83861	-206.70361	-203.86466	-127.81841	-101.90332	-114.10782	-64.65005
-451.52027	-363.88174	-150.18146	-178.28481	-112.66345	-75.70203	-85.67933	-49.95997
-486.57258	-292.45395	-178.50159	-220.04310	-93.69758	-96.65185	-93.34843	-94.76679
-450.75652	-293.73089	-151.50324	-197.91823	-99.24033	-94.58281	-80.28230	-70.46222
-484.86940	-363.70196	-165.76162	-225.79238	-112.70046	-88.63233	-81.68300	-81.77463
-449.17389	-382.67441	-151.11472	-195.10193	-125.50752	-84.97393	-91.61192	-99.90914
-452.92927	-308.08659	-145.14867	-216.66844	-115.83446	-72.72038	-88.58427	-63.09725
-487.06655	-293.10490	-185.07072	-179.70700	-108.55261	-103.44130	-81.72107	-100.94163
-448.81389	-293.78670	-145.65971	-177.79174	-126.40633	-73.50834	-93.78979	-64.34979
-453.90247	-293.77247	-193.11600	-193.62659	-118.88792	-89.60212	-91.37412	-92.73483
-478.74408	-287.97956	-142.46559	-179.68209	-100.43300	-77.33394	-76.41763	-55.16264
-454.19640	-294.24126	-172.33982	-200.66135	-149.31375	-81.83133	-73.18685	-92.71370
-448.30357	-276.55426	-130.76069	-150.44336	-107.69631	-63.23730	-84.67605	-52.96205
-522.55233	-293.12846	-227.78691	-222.12855	-110.72791	-96.85415	-117.56861	-75.92529
-522.90474	-293.16613	-183.77729	-203.29826	-129.93696	-84.78029	-106.07823	-72.79853
-484.78967	-314.55734	-171.14768	-200.10757	-106.37518	-84.16434	-88.09397	-65.64271
-482.04880	-296.13626	-151.07427	-194.48813	-115.72869	-103.20571	-105.86370	-91.42635
-453.42639	-344.60118	-128.80111	-170.02042	-108.81332	-91.31332	-90.00406	-78.55741
-564.45691	-325.63408	-294.14456	-230.16500	-99.62512	-90.69664	-110.47802	-84.27013
-423.31610	-324.90793	-159.45169	-147.89597	-111.03089	-77.23239	-69.94811	-58.39626
-484.52363	-325.13440	-174.63797	-214.87397	-114.38229	-80.03703	-100.90901	-67.47831
-521.65373	-277.72704	-161.31055	-224.21967	-111.71813	-90.81783	-78.17776	-70.75675
-451.72313	-341.60169	-170.03289	-167.37826	-117.05349	-91.76918	-119.57845	-58.47973
-449.20052	-340.14453	-156.14828	-147.83177	-144.27057	-75.16324	-95.03571	-77.46830
-452.08032	-294.32362	-134.59830	-168.37296	-158.59281	-87.95992	-65.04597	-55.96434
-488.38233	-339.57815	-168.15054	-222.32993	-109.70295	-116.80221	-92.10196	-71.99680
-478.81276	-313.02800	-149.68499	-176.08867	-117.32735	-87.84842	-86.66062	-79.34076
-557.10260	-306.43727	-184.29158	-238.12569	-120.41513	-82.71107	-121.40855	-98.80884
-454.15088	-305.89946	-185.88296	-234.08372	-125.00219	-99.10494	-87.34392	-76.51063
-524.34980	-294.76975	-139.20612	-209.86781	-92.75562	-80.58971	-113.98655	-64.70316
-484.19059	-294.01617	-190.50909	-205.08246	-93.07717	-72.38753	-92.06594	-63.25937
-447.64079	-330.51571	-152.29489	-251.30414	-98.23623	-89.48312	-128.04483	-89.74391
-558.48604	-295.05348	-153.29627	-307.08404	-108.80956	-94.64710	-93.44772	-79.81431
-447.48217	-284.69888	-156.44868	-175.87715	-111.76787	-87.01598	-107.17107	-79.34391
-481.37686	-335.01725	-146.02703	-165.77076	-108.95636	-74.55934	-93.74105	-47.29053
-481.94605	-287.44334	-195.04164	-248.20828	-110.70678	-103.21461	-120.80943	-61.33642
-455.84086	-316.07239	-171.70072	-240.38124	-111.24298	-76.73598	-100.32421	-82.13043
-391.81195	-372.17666	-170.23091	-219.09888	-112.66050	-84.11437	-107.60010	-67.22473
-417.24768	-285.12394	-158.07437	-189.16298	-125.35781	-75.24374	-85.25981	-62.89346
-444.51307	-311.01421	-207.86350	-187.90406	-95.23403	-75.01967	-110.92484	-57.66037
-445.39706	-299.71874	-185.86322	-192.47842	-109.03300	-73.71680	-86.72583	-60.53172
-480.15797	-281.61842	-150.49622	-200.82675	-92.62213	-74.12916	-119.69713	-51.32609
-449.30435	-316.02162	-161.82754	-182.43993	-110.14163	-86.55863	-80.80637	-54.43588
-483.28754	-335.32792	-125.01212	-206.23207	-123.99545	-90.48211	-114.36047	-52.31080
-447.15413	-302.65927	-140.28362	-194.95618	-121.72536	-80.44071	-96.28274	-56.47462
-447.72955	-284.20697	-189.20363	-232.06580	-119.80285	-75.32790	-127.71602	-71.65362
-459.25149	-357.55416	-193.68914	-331.24186	-139.51415	-132.37122	-97.06205	-113.37191
-456.33282	-285.91930	-205.50215	-204.40140	-152.74423	-127.26102	-107.50902	-83.55456
-475.49849	-284.35183	-186.31177	-203.65806	-104.89967	-75.76344	-97.10999	-47.56737
-447.35577	-300.34670	-157.35997	-226.19547	-119.95077	-89.34027	-85.04273	-62.27470
-478.64776	-272.79267	-175.89664	-219.73841	-103.85081	-88.90759	-111.81715	-71.16048
-446.20624	-268.61295	-154.43047	-176.25698	-96.03144	-71.55820	-70.70337	-67.49969
-449.54486	-309.92518	-209.88691	-153.71910	-116.06913	-62.62657	-90.66818	-67.88477
-448.70195	-275.95044	-151.95700	-223.13333	-121.38639	-94.67690	-82.62983	-98.09826
-452.06249	-277.21480	-144.84575	-223.76572	-117.86121	-98.66000	-111.61672	-53.04522
-450.12502	-315.89156	-198.65345	-223.33786	-119.34236	-89.37447	-101.02399	-73.78082
-522.40282	-331.58600	-179.54606	-252.24523	-118.16963	-93.87034	-91.67797	-64.38347
-454.59257	-274.58605	-139.00492	-232.08789	-132.36707	-75.04958	-71.22964	-57.67297
-450.86678	-377.19868	-163.06700	-162.56690	-114.04262	-87.39401	-103.71184	-62.97037
-474.04434	-315.08558	-175.38180	-205.50792	-108.86389	-62.77080	-100.07703	-63.11147
-450.67773	-334.95768	-141.58123	-250.14170	-93.14513	-84.55338	-86.03946	-61.34727
-450.13623	-301.97107	-162.12365	-211.93639	-122.15735	-90.51294	-94.67850	-74.40820
-561.67694	-334.00888	-183.23855	-272.51620	-164.26578	-76.53634	-98.37718	-69.40851
-449.06491	-284.56009	-175.05260	-244.81796	-136.16979	-109.87429	-101.42399	-75.19900
-445.97219	-283.20654	-153.14760	-153.47801	-101.41745	-109.37456	-108.76651	-54.08655
-446.82202	-299.49139	-164.78954	-186.22991	-112.55242	-75.92866	-78.37242	-58.66142
-481.43349	-285.31377	-180.58111	-300.97271	-93.31267	-76.89040	-108.09100	-63.40852
-446.13438	-303.00830	-145.94044	-182.47212	-97.43931	-75.70059	-101.29969	-61.22573
-446.75444	-275.28034	-169.66789	-207.26743	-105.11726	-89.85529	-74.52373	-61.49940
-454.79948	-272.03117	-152.45196	-170.87029	-97.10904	-91.08839	-81.14477	-55.38529
-448.38309	-285.77679	-174.57128	-179.42932	-102.39094	-78.64805	-92.47147	-59.43678
-452.49778	-286.14014	-145.66166	-180.26236	-92.20442	-65.34827	-88.95782	-51.72307
-450.55606	-299.07114	-162.41144	-249.36107	-125.51883	-78.65832	-92.49805	-73.48106
-450.80283	-309.87778	-182.81110	-179.04130	-147.62382	-104.31754	-106.89766	-79.50718
-446.55311	-334.45159	-145.20876	-206.97195	-103.41979	-79.37434	-98.77479	-52.59794
-444.26541	-330.63466	-150.94212	-187.28048	-106.33225	-74.71619	-98.00417	-58.95841
-448.95271	-315.49498	-190.56671	-164.08540	-92.87547	-86.19344	-95.30568	-58.42901
-442.33818	-295.37314	-145.06974	-193.92467	-109.41046	-77.09591	-88.37161	-54.57354
-482.74661	-283.68336	-157.16880	-187.26029	-128.71145	-87.49961	-93.12745	-63.35731
-444.31805	-287.00240	-163.90811	-213.88421	-120.72397	-69.67854	-111.68474	-59.76085
-452.41820	-306.75632	-138.74420	-238.00700	-97.08341	-123.73675	-95.63450	-73.18749
-487.72672	-286.96320	-172.93475	-287.05090	-124.78092	-85.77104	-122.08514	-76.54062
