-483.50270	-341.86736	-346.90702	-246.22545	-214.61937	-168.07953	-156.70015	-126.80199
-445.71648	-290.89859	-390.19810	-256.98866	-199.18312	-149.16264	-119.25949	-96.48068
-415.73673	-299.89220	-330.74640	-257.02505	-245.93716	-151.81242	-105.15404	-95.48194
-416.22720	-323.03324	-364.28113	-242.54172	-196.72319	-132.35081	-112.87550	-109.42873
-441.18126	-336.36621	-357.65462	-255.49339	-176.57037	-148.87943	-115.69344	-108.25788
-442.01676	-304.09191	-344.30295	-277.03537	-207.47228	-176.29031	-115.26485	-89.17119
-475.55854	-307.91886	-364.18988	-243.88590	-208.80460	-200.13974	-113.71443	-104.21187
-444.89040	-304.99307	-367.11319	-257.35464	-188.98236	-151.56812	-126.59030	-96.77609
-449.73473	-305.69525	-359.44330	-244.96157	-178.52685	-144.56705	-129.19348	-99.27569
-449.16070	-327.96387	-364.99673	-256.52118	-182.78398	-131.34040	-126.80945	-94.79566
-478.64744	-304.61352	-385.21105	-242.99624	-220.25377	-151.03512	-123.84390	-107.18039
-444.37760	-319.19721	-389.08204	-231.86040	-208.66600	-139.98918	-115.15144	-93.44218
-446.82368	-305.99582	-345.93699	-233.07335	-207.11818	-153.08651	-117.22465	-97.41667
-448.09362	-307.06718	-362.54902	-256.20269	-181.18701	-161.71691	-137.94277	-94.84458
-452.54922	-289.02948	-361.54086	-256.23663	-214.93893	-139.45345	-114.56332	-111.89855
-400.26920	-307.75969	-364.45507	-235.15860	-240.47252	-148.28688	-114.75469	-114.20027
-421.17764	-287.36261	-357.52332	-233.43633	-188.26157	-181.18854	-143.95430	-122.17848
-449.45991	-319.42386	-362.59775	-241.87548	-188.17136	-144.93168	-125.59492	-93.85292
-473.73772	-342.39658	-415.92677	-243.58332	-190.35807	-150.10573	-126.36423	-108.80686
-450.28532	-274.11498	-386.87429	-242.37239	-192.79449	-145.06067	-107.97764	-101.61171
-444.57809	-300.86043	-333.81941	-243.00672	-257.16686	-148.55735	-132.94897	-104.26094
-440.71541	-317.45221	-347.37695	-243.02931	-229.70598	-157.61384	-153.39532	-99.53101
-450.01279	-317.66148	-342.13018	-242.69947	-192.96415	-153.21683	-155.16731	-96.87127
-451.05032	-327.51163	-363.19880	-244.50526	-190.15140	-134.68879	-132.97701	-112.25645
-448.70779	-323.45743	-361.49789	-232.45630	-193.18811	-137.98652	-123.61111	-108.60067
-448.88586	-303.15496	-344.04603	-233.65748	-177.17732	-155.59369	-112.18801	-91.51730
-449.74532	-325.72697	-360.92189	-278.64221	-175.62931	-166.55600	-112.32081	-107.23108
-447.91041	-305.31225	-362.97241	-234.18316	-180.88071	-195.77357	-115.72769	-119.22896
-445.21131	-306.22904	-327.36923	-243.05953	-203.51602	-161.28247	-110.50437	-101.49089
-445.21546	-306.16059	-346.24239	-233.37050	-217.46205	-133.16802	-113.45770	-107.34365
-444.86671	-320.43534	-361.17213	-233.71188	-190.85731	-148.04264	-125.61256	-100.86689
-443.58205	-303.58313	-362.93744	-241.18290	-235.28049	-200.31666	-123.86498	-104.74529
-482.36320	-323.41094	-343.75812	-243.40516	-176.96795	-137.48799	-140.93191	-99.01757
-451.92638	-305.01781	-361.80494	-239.57201	-176.52073	-150.02843	-132.37753	-101.33182
-447.31399	-303.15526	-362.40241	-257.75919	-180.90835	-156.74030	-118.95613	-96.86829
-448.24318	-305.82610	-360.87928	-239.38544	-191.44049	-153.55749	-113.67443	-97.59463
-445.06350	-292.37667	-363.63521	-256.40362	-220.21288	-142.57500	-118.75419	-98.52257
-511.45357	-305.12249	-342.93491	-260.04489	-200.79683	-160.07870	-123.68407	-141.04477
-481.20786	-338.24524	-359.86893	-243.32069	-179.84785	-130.32788	-117.65486	-105.56910
-444.15191	-300.49691	-366.20707	-257.11172	-174.64689	-137.54913	-119.35642	-92.69004
-446.38236	-323.29772	-341.86124	-234.42474	-189.16448	-151.82961	-121.88512	-99.23824
-449.65117	-288.81982	-362.63555	-233.71678	-201.04836	-137.56483	-110.40922	-136.24808
-415.06964	-303.97683	-367.03273	-241.65754	-189.99264	-194.75567	-109.82595	-102.00198
-449.36747	-320.85469	-346.38044	-234.47602	-191.08475	-168.68726	-121.18469	-106.07483
-437.84444	-338.20374	-347.68372	-242.90628	-198.06594	-149.65460	-115.64726	-100.82889
-473.11802	-304.97893	-346.20474	-244.31008	-184.44849	-167.49228	-141.48597	-107.02549
-509.34158	-317.33419	-328.68695	-244.24930	-181.99674	-151.33806	-111.00312	-100.03083
-451.60707	-303.09228	-359.35377	-248.35148	-181.10497	-144.11443	-113.93092	-109.91886
-444.34750	-301.37257	-363.36285	-225.56984	-188.53716	-161.44784	-133.56373	-104.98948
-478.59024	-311.54300	-345.71700	-241.62937	-193.26413	-150.29478	-128.22584	-93.41175
-451.20977	-326.78690	-357.82466	-229.21628	-189.07474	-143.70947	-123.09536	-90.60112
-447.90378	-340.91527	-343.39456	-241.59808	-180.95498	-142.69104	-156.40768	-118.92552
-491.45312	-344.69875	-340.30771	-241.43193	-206.52530	-156.23875	-124.21221	-100.23720
-489.81522	-351.37991	-363.20755	-230.16955	-168.76865	-152.45336	-107.67952	-104.51710
-486.05927	-296.03198	-346.06541	-240.97003	-182.18096	-142.49593	-116.84245	-103.89626
-451.53825	-325.71825	-362.04640	-232.79672	-182.96889	-137.34643	-112.22767	-98.01554
-454.79497	-360.97420	-362.69435	-272.89358	-201.78492	-148.57621	-117.84214	-104.47340
-449.70064	-304.07536	-361.49563	-232.01553	-180.92985	-142.07007	-126.69977	-93.20427
-447.01012	-309.42507	-385.53448	-246.28788	-217.12549	-137.64395	-116.18430	-104.12220
-454.50846	-329.56544	-361.22112	-229.65267	-187.96234	-155.38297	-117.17790	-97.17701
-447.52354	-310.67334	-356.61036	-265.89588	-181.38308	-168.56908	-113.82244	-108.75717
-420.35983	-323.83425	-344.70367	-230.89321	-203.21746	-145.55543	-114.10337	-107.77864
-447.56903	-308.95996	-368.71222	-252.89169	-182.25352	-144.16856	-108.81169	-108.43188
-512.43883	-325.13550	-339.73894	-232.20701	-189.16072	-147.99863	-117.70549	-99.21743
-518.04754	-324.45565	-357.28605	-231.44223	-190.49158	-133.65400	-118.48170	-105.47511
-560.60864	-343.41634	-359.26621	-219.31438	-180.89538	-168.86449	-113.50767	-101.84321
-560.63516	-313.23069	-359.95521	-234.09777	-191.92337	-157.23337	-112.38246	-95.35089
-452.09732	-329.05817	-362.30229	-252.78348	-182.03570	-161.91982	-113.86862	-99.09702
-455.28437	-343.05892	-362.20969	-229.85718	-206.73482	-177.11860	-128.21522	-97.88293
-451.77270	-390.31522	-341.75137	-242.21453	-201.44438	-142.00331	-107.67929	-99.77661
-521.47550	-382.08749	-362.34589	-255.89368	-198.89510	-139.17030	-111.43111	-112.24003
-489.08209	-327.00445	-346.05434	-233.00497	-192.35108	-148.43834	-110.46659	-98.07971
-484.33075	-311.58566	-354.05457	-233.37947	-176.13354	-154.96207	-107.01546	-95.73048
-483.75181	-367.52373	-361.16275	-223.61049	-176.43867	-142.92543	-115.11093	-112.83909
-605.54179	-344.64058	-363.10439	-230.34706	-184.76157	-148.55044	-116.26483	-133.01501
-520.03622	-362.13669	-357.92690	-241.29832	-187.55705	-168.49592	-128.48098	-92.76997
-450.75653	-324.31297	-341.98865	-227.60331	-192.51753	-148.26044	-117.76906	-97.12025
-454.21752	-328.56226	-342.37166	-230.18853	-189.59949	-144.42487	-119.07315	-109.14208
-488.82396	-368.54494	-361.73465	-233.78606	-200.55760	-177.87984	-112.95234	-103.82169
-458.40079	-344.49843	-360.88307	-241.79030	-201.02610	-148.38306	-125.80981	-101.04665
-446.54412	-309.05672	-345.17777	-233.87776	-181.30147	-137.93640	-122.95259	-97.22124
-488.06716	-372.96902	-387.58986	-243.16717	-195.36377	-150.42409	-110.48466	-89.61397
-450.81318	-295.97565	-360.73367	-231.81701	-192.31444	-148.20318	-108.46907	-94.76686
-448.83155	-304.27405	-356.03321	-241.20124	-199.42447	-167.87248	-114.59022	-93.03415
-485.13803	-352.32513	-380.62546	-223.16914	-183.03432	-150.44349	-109.90951	-98.32597
-490.11662	-367.35220	-357.70654	-256.22034	-184.19503	-144.59998	-120.38155	-99.39115
-447.95293	-339.62886	-362.95752	-241.98514	-190.70930	-176.93693	-124.29741	-111.49716
-517.94660	-309.12450	-359.21191	-232.14370	-184.76501	-139.57442	-115.90604	-103.98867
-479.92751	-309.61937	-363.51080	-231.48564	-217.03686	-151.14859	-113.40976	-109.74710
-452.39927	-324.66937	-338.27149	-241.87457	-192.54502	-148.72620	-142.03613	-97.12067
-483.31272	-305.18945	-345.04347	-240.51037	-198.71034	-145.82912	-164.00789	-115.44527
-458.74910	-346.37689	-344.13647	-239.45324	-182.17594	-162.63402	-113.02616	-108.64600
-454.73754	-369.86894	-358.67192	-224.74615	-187.53431	-140.12036	-109.35058	-111.55050
-449.43108	-326.40206	-361.01661	-238.82883	-191.79708	-167.39295	-113.20056	-118.24830
-448.18091	-343.85606	-362.18137	-244.98931	-200.73614	-158.79086	-122.05253	-131.48414
-486.82782	-310.81648	-323.20425	-240.98453	-191.57307	-134.05931	-122.06420	-113.80381
-517.08067	-330.33968	-343.27767	-242.79063	-177.00969	-155.59537	-106.22794	-120.13908
-450.59965	-331.31064	-358.84370	-232.42826	-186.79643	-145.51523	-116.31209	-94.43716
-450.33333	-309.12064	-354.35523	-220.89355	-187.52075	-131.97493	-125.76124	-96.49002
-480.81421	-323.41696	-362.33256	-258.10991	-243.73039	-141.67713	-146.04800	-94.45802
-487.08105	-358.71229	-343.52232	-235.69508	-192.28209	-145.27429	-111.63657	-86.97770
-453.68155	-306.26530	-364.63506	-237.43504	-181.19886	-146.75127	-105.76959	-83.97172
-479.91075	-305.84982	-367.04832	-247.87276	-189.64702	-159.04408	-127.47114	-106.01442
-454.08105	-321.12648	-344.32726	-247.95663	-199.27586	-145.17205	-117.55512	-103.90697
-482.73104	-308.05564	-361.19765	-248.57993	-186.45095	-152.22016	-136.10566	-105.93786
-446.94720	-304.14381	-346.95219	-236.87333	-200.35392	-152.33601	-120.30610	-102.52713
-556.92341	-361.73120	-348.70178	-261.71532	-184.67781	-169.28310	-119.46963	-94.14561
-525.49661	-343.46369	-390.96797	-246.00449	-222.99554	-150.03653	-125.66685	-93.02434
-564.11055	-363.51745	-361.79234	-260.27208	-180.39884	-144.34989	-118.25970	-104.25074
-521.32614	-368.74238	-345.76385	-247.43385	-219.54045	-188.52415	-117.11597	-95.95884
-565.02736	-310.58902	-345.60388	-278.84186	-179.55721	-145.54783	-110.18913	-96.39094
-484.68405	-324.04100	-364.33626	-279.62292	-193.43854	-152.67412	-118.61217	-99.31889
-422.35807	-324.57446	-364.63611	-258.44295	-182.02254	-156.58618	-123.66611	-105.91590
-444.80144	-326.58426	-361.77662	-259.69179	-185.31837	-143.65244	-123.83549	-99.76223
-454.72817	-344.72755	-342.75500	-237.80714	-178.01250	-173.63029	-124.85929	-100.15575
-447.12848	-305.76419	-363.66996	-258.71140	-206.15115	-149.74799	-121.07251	-89.97297
-453.50174	-325.53362	-361.93756	-236.99677	-192.08325	-144.82949	-120.39438	-104.75387
-481.70349	-306.47617	-363.12756	-238.83028	-193.12016	-183.00790	-128.32147	-105.97107
-484.52021	-343.05183	-347.70397	-235.06159	-179.56854	-138.53240	-106.67080	-127.96677
-451.52027	-308.03330	-364.22033	-234.61925	-191.79836	-161.30713	-118.72509	-107.86438
-486.57258	-358.92938	-344.50161	-243.97083	-185.52218	-156.58626	-114.84812	-99.51909
-450.75652	-363.91625	-325.01222	-259.31131	-182.65733	-144.65051	-121.02578	-92.13367
-484.86940	-341.09308	-363.34257	-245.72326	-199.19666	-178.08876	-108.56965	-100.75974
-449.17389	-321.87878	-362.21479	-276.43003	-185.13019	-143.39120	-114.60784	-120.25203
-452.92927	-345.25134	-367.03485	-278.52826	-199.96995	-156.41123	-109.49552	-97.67684
-487.06655	-341.16152	-363.52258	-262.30777	-178.33694	-152.11432	-124.17612	-99.23203
-448.81389	-337.86648	-391.65715	-246.71517	-177.54749	-149.45675	-122.31151	-102.41432
-453.90247	-320.52514	-363.10070	-259.93191	-185.55778	-151.42457	-125.35277	-97.43567
-478.74408	-325.28343	-364.92991	-261.17963	-190.58911	-139.00986	-110.00177	-102.90825
-454.19640	-320.62078	-364.54519	-242.67133	-210.16194	-161.11184	-113.51131	-106.54228
-448.30357	-321.83452	-349.11939	-246.12568	-239.00123	-171.99306	-112.53457	-113.44262
-522.55233	-346.02296	-361.62470	-251.90548	-171.78119	-139.04134	-130.83861	-99.29437
-522.90474	-345.07522	-365.43128	-243.63077	-222.91798	-162.71948	-115.00583	-118.27812
-484.78967	-366.19764	-360.93186	-243.35625	-178.54486	-153.16620	-143.25966	-94.51052
-482.04880	-341.12106	-366.26621	-248.03768	-194.11666	-167.54245	-124.53718	-96.05008
-453.42639	-307.27320	-362.28266	-249.74274	-183.40924	-139.66095	-108.04985	-106.06512
-564.45691	-340.37500	-346.85510	-224.89521	-240.19669	-185.51008	-123.89747	-97.16757
-423.31610	-324.03766	-368.08128	-245.00551	-183.26828	-141.92918	-109.52707	-101.41859
-484.52363	-369.74028	-345.47333	-249.43450	-170.86844	-143.23208	-115.08986	-101.93177
-521.65373	-409.53753	-343.16541	-244.92590	-223.39493	-151.34560	-118.93462	-98.41745
-451.72313	-308.88710	-365.08681	-245.79211	-186.62060	-162.58316	-111.42197	-101.97989
-449.20052	-323.46561	-357.93313	-246.07613	-193.57013	-165.19022	-123.08296	-90.03800
-452.08032	-340.27190	-327.86982	-245.57796	-213.81808	-139.85820	-115.27067	-105.00066
-488.38233	-357.40130	-361.90428	-215.65366	-200.13465	-150.87608	-118.37236	-109.86383
-478.81276	-290.13382	-346.57799	-247.05866	-194.54203	-144.46355	-107.56881	-90.74034
-557.10260	-399.12976	-361.24229	-259.99418	-183.05150	-149.67785	-119.87332	-102.29516
-454.15088	-320.52446	-364.32503	-246.20419	-204.40114	-183.49671	-115.37116	-100.35176
-524.34980	-309.37062	-346.73182	-235.82760	-203.79263	-139.64219	-122.93369	-92.73166
-484.19059	-385.65986	-345.06298	-260.33133	-191.24064	-156.66627	-128.17116	-120.82079
-447.64079	-334.11937	-365.72409	-236.85192	-205.57063	-178.69661	-116.20312	-91.91230
-558.48604	-336.21676	-398.37002	-342.53388	-208.18073	-163.68849	-111.92351	-119.47806
-447.48217	-283.17116	-490.40541	-299.80537	-198.70488	-182.74802	-123.79067	-93.59883
-481.37686	-347.41724	-373.73793	-304.36368	-269.48228	-167.53385	-114.95235	-124.24298
-481.94605	-351.30154	-395.77961	-308.51637	-208.34621	-159.14989	-119.52990	-99.96493
-455.84086	-388.93785	-458.24204	-288.72925	-269.04749	-159.43886	-110.58973	-96.89751
-391.81195	-299.76279	-457.49692	-277.45925	-211.18221	-157.36299	-131.35823	-94.10148
-417.24768	-314.88545	-395.25886	-328.79173	-250.82815	-152.96317	-139.88034	-99.89300
-444.51307	-333.00742	-424.69896	-255.20935	-214.75351	-226.65769	-115.04714	-113.98842
-445.39706	-281.52109	-400.21638	-342.89250	-220.70871	-152.22259	-119.68991	-87.94375
-480.15797	-349.30836	-454.50715	-297.38829	-228.19708	-145.80014	-111.53606	-96.63622
-449.30435	-352.78797	-371.85469	-308.16467	-251.28890	-170.82471	-124.02782	-102.87607
-483.28754	-295.41990	-433.92190	-318.61473	-224.72882	-151.36412	-150.93986	-102.94410
-447.15413	-314.61871	-372.70944	-276.57510	-209.60930	-158.31751	-151.64803	-105.82129
-447.72955	-296.89291	-367.73703	-375.02456	-229.51750	-153.13387	-148.96506	-99.38546
-459.25149	-316.98356	-371.39119	-292.76712	-204.42155	-157.21037	-124.95195	-117.00923
-456.33282	-353.11308	-397.76963	-359.74316	-258.33879	-198.00218	-125.65314	-98.43018
-475.49849	-335.32805	-433.57271	-294.46858	-237.58478	-141.91579	-114.09301	-94.12057
-447.35577	-313.47571	-405.19753	-394.21376	-274.10021	-148.04892	-119.84332	-107.65539
-478.64776	-312.38681	-370.13698	-276.04912	-234.95568	-186.72406	-134.80822	-92.38940
-446.20624	-335.11576	-492.89905	-355.82994	-245.73834	-193.03623	-118.94266	-106.53542
-449.54486	-332.52548	-370.92348	-295.81951	-210.05736	-141.28808	-126.19768	-95.70339
-448.70195	-314.28739	-396.96394	-295.37731	-229.45163	-156.77450	-115.29467	-97.03452
-452.06249	-369.14348	-371.46437	-341.14017	-198.98553	-192.74418	-143.18816	-94.02715
-450.12502	-295.90797	-378.96682	-363.01605	-238.52234	-168.84977	-130.67467	-87.95839
-522.40282	-356.95405	-396.73318	-329.97341	-207.44434	-194.82755	-107.36979	-109.78988
-454.59257	-385.65602	-449.26832	-306.24457	-210.25085	-163.08299	-138.96837	-123.00986
-450.86678	-351.31444	-397.01313	-323.97126	-198.29010	-164.34284	-148.07301	-103.30501
-474.04434	-329.56049	-372.19643	-291.52592	-226.57414	-165.55246	-110.30937	-98.33619
-450.67773	-315.20905	-401.32127	-396.61356	-229.39416	-162.68662	-129.00999	-115.79982
-450.13623	-358.56902	-398.70882	-276.53711	-228.86504	-182.99045	-123.11098	-102.76518
-561.67694	-399.36949	-371.92704	-376.38936	-268.81989	-151.45217	-122.30098	-104.14897
-449.06491	-302.71270	-431.88294	-391.41147	-200.19161	-157.23494	-118.44660	-107.17028
-445.97219	-369.05015	-424.13457	-309.10699	-231.78504	-210.20033	-141.52298	-117.50309
-446.82202	-330.39110	-396.77668	-309.99475	-228.45280	-170.14353	-128.06902	-103.73538
-481.43349	-314.90060	-396.85729	-274.99466	-238.63245	-164.81010	-115.86349	-103.86589
-446.13438	-297.86302	-354.08239	-290.04843	-226.02353	-192.96183	-133.31106	-109.59892
-446.75444	-313.02212	-431.88159	-278.43440	-259.25883	-141.57153	-127.22899	-104.12562
-454.79948	-332.83184	-394.56936	-264.93619	-263.39899	-150.99422	-115.40401	-89.96588
-448.38309	-330.70017	-396.72110	-327.87875	-256.55856	-145.78884	-116.64951	-99.24801
-452.49778	-311.47685	-374.71696	-325.78228	-199.57247	-176.29656	-129.29265	-100.03653
-450.55606	-348.66178	-456.51615	-296.08121	-219.69180	-169.64280	-117.06276	-100.14853
-450.80283	-335.12482	-619.36315	-397.56917	-219.61943	-149.93040	-123.66242	-99.69009
-446.55311	-310.71706	-371.78843	-310.33419	-212.03033	-166.30711	-121.51345	-102.26395
-444.26541	-298.93724	-373.48856	-328.12771	-228.82534	-154.15325	-123.04512	-107.47852
-448.95271	-299.31230	-430.16024	-307.83369	-225.72502	-180.24591	-142.91775	-101.32844
-442.33818	-298.61011	-372.19790	-294.78100	-307.21633	-181.99606	-130.75808	-100.53487
-482.74661	-613.59071	-460.16293	-277.57860	-212.78188	-204.39611	-120.82231	-94.32217
-444.31805	-293.89791	-431.10129	-277.42414	-259.89898	-163.83644	-155.37945	-100.65821
-452.41820	-312.44138	-434.33792	-277.97100	-268.72577	-144.91364	-122.27441	-126.04909
-487.72672	-344.39471	-459.21503	-365.54263	-219.35952	-144.26210	-119.38227	-97.96629
