-346.14335	-219.03296	-90.90846	-69.55122	-37.41085	-23.50619	-23.00203	-6.96019
-349.51703	-223.12231	-72.28608	-54.26082	-40.81954	-25.10178	-22.46596	-9.31670
-301.17028	-210.82331	-80.29310	-53.37018	-35.95691	-21.71901	-23.98040	-7.95929
-379.91854	-182.35002	-72.58420	-53.30446	-42.22647	-23.85837	-19.89425	-10.07450
-345.18266	-212.76408	-73.27923	-66.16172	-35.59470	-23.26914	-20.84760	-9.10064
-305.31433	-224.08227	-68.69674	-67.66950	-37.70970	-22.88409	-25.83378	-8.72475
-377.29418	-185.32605	-78.56099	-60.69084	-44.48441	-22.59010	-25.86810	-9.46305
-375.50076	-222.50542	-78.52380	-63.35034	-42.32709	-23.88475	-21.44609	-9.25268
-350.83240	-184.98424	-75.21091	-70.83486	-36.40333	-28.30963	-22.01469	-10.60056
-350.81445	-203.11289	-93.27204	-58.91122	-47.42242	-24.19251	-24.54156	-8.12988
-351.56131	-225.25702	-86.53297	-61.02645	-43.78886	-24.68929	-20.76908	-11.33986
-306.75493	-181.52464	-82.20196	-59.57789	-39.19786	-24.40115	-20.84618	-9.82539
-351.48502	-176.96653	-77.70084	-62.16984	-41.43533	-24.00497	-18.13969	-10.55775
-306.37254	-218.36733	-80.66090	-55.46079	-44.67387	-28.27231	-24.42281	-8.74668
-352.56532	-223.63136	-75.51109	-62.98661	-42.18569	-26.16038	-23.52119	-10.74823
-374.87292	-223.22107	-74.26088	-55.88202	-40.55901	-22.27472	-20.12322	-9.24674
-350.90970	-193.76728	-80.74773	-50.78110	-37.93026	-23.04744	-19.41184	-8.49844
-409.02381	-183.33605	-85.49918	-59.66325	-36.12535	-20.45923	-22.30829	-8.33470
-344.71300	-181.59978	-75.79751	-67.18869	-36.04783	-19.43914	-19.05458	-9.58709
-408.53433	-203.27317	-89.67817	-59.17289	-40.26866	-23.32994	-19.63237	-10.03183
-302.09499	-186.61117	-79.35803	-61.21257	-37.66868	-20.17386	-18.11895	-9.09930
-268.31478	-232.01699	-81.32965	-55.49720	-43.17294	-22.90348	-21.86853	-8.08784
-347.45198	-192.55467	-78.75882	-48.32017	-42.18810	-22.34629	-23.29591	-8.96844
-322.44609	-193.19569	-78.67592	-58.91962	-36.49153	-23.26327	-20.39855	-8.40816
-377.80266	-192.37045	-81.84092	-67.53661	-34.50951	-22.83505	-17.24622	-10.24859
-350.03258	-172.12474	-84.16898	-59.72911	-37.23337	-24.18438	-18.29777	-11.51032
-406.24461	-233.18528	-91.39237	-60.28984	-34.61569	-20.13182	-20.80710	-9.87861
-351.66142	-225.60889	-81.14635	-63.53932	-40.91387	-24.96811	-23.97212	-10.98055
-301.61477	-185.43584	-82.84717	-53.22316	-37.31537	-21.94877	-20.35622	-9.39736
-377.28462	-185.94829	-84.10916	-59.52037	-41.22126	-25.48806	-24.22201	-8.90084
-328.13584	-233.81991	-77.16992	-60.90856	-41.21952	-23.72472	-23.03322	-10.16341
-350.78925	-202.91590	-80.70297	-61.83442	-41.28582	-18.00270	-23.65128	-8.15780
-404.92560	-236.57420	-66.21754	-62.75670	-42.20761	-25.67173	-23.50581	-11.06937
-486.56288	-213.42723	-75.14658	-56.38199	-37.79170	-25.68030	-23.21906	-10.43353
-351.01760	-213.40053	-75.39132	-67.49849	-37.06085	-24.70467	-19.44173	-9.59811
-352.39764	-211.61523	-92.27432	-61.28316	-42.53895	-23.64251	-21.66122	-7.90428
-349.23181	-192.86163	-77.48591	-56.21022	-39.87881	-22.52098	-21.60243	-10.81130
-303.99420	-230.36777	-72.26976	-63.96046	-41.24709	-24.33206	-21.45963	-8.36103
-323.83744	-225.93596	-79.38648	-54.72618	-40.43049	-22.59664	-21.41570	-10.11415
-477.73460	-183.67734	-77.57355	-55.19748	-38.56899	-21.43165	-19.61055	-8.32842
-347.77239	-235.65100	-78.04367	-65.15084	-40.92046	-23.08993	-22.81259	-8.89535
-348.57455	-177.97662	-81.78181	-48.04448	-39.33686	-22.87187	-21.46422	-9.84580
-343.76135	-183.17825	-72.60463	-63.11413	-39.18829	-23.10962	-22.01495	-7.37659
-349.92950	-213.46836	-72.46942	-56.22942	-41.07610	-22.75396	-25.80047	-9.71946
-377.59854	-217.78061	-69.63699	-50.66561	-40.32046	-25.71557	-23.50960	-8.83286
-348.96010	-186.30150	-76.70378	-62.10321	-38.60161	-25.26995	-21.52605	-10.27597
-377.46015	-226.58534	-89.22582	-59.21680	-36.19846	-25.99406	-20.53465	-9.88171
-376.37081	-190.78714	-82.89448	-50.45468	-40.44931	-26.93858	-20.58963	-9.22220
-306.36424	-219.43230	-83.34155	-59.49812	-40.18714	-21.61602	-21.33183	-9.42561
-351.22111	-204.72313	-77.28507	-60.29373	-31.72599	-23.35214	-20.84238	-12.05129
-359.24983	-228.45900	-85.58076	-82.49639	-38.85196	-26.50409	-25.36483	-12.95507
-310.01937	-222.23186	-86.24046	-69.80516	-44.84184	-27.32372	-22.77016	-13.05780
-354.72420	-216.26398	-83.42557	-59.96068	-47.10224	-25.07487	-18.84079	-11.95349
-358.21410	-200.13678	-90.98556	-59.07027	-37.21248	-28.52523	-25.75128	-14.02029
-353.43450	-217.37631	-89.19091	-66.04099	-40.03809	-23.41025	-21.21381	-10.95468
-350.92436	-207.53106	-83.54381	-57.37896	-42.36026	-24.47450	-23.12827	-11.02505
-356.46744	-217.41166	-81.66439	-54.51932	-47.22585	-26.00554	-24.50724	-11.97442
-359.18130	-220.11854	-85.95243	-63.79396	-49.17125	-25.60673	-23.54151	-12.32633
-383.41865	-191.67040	-88.44031	-58.83677	-42.24326	-26.42505	-24.45005	-11.92098
-417.74908	-213.20876	-80.07840	-70.13752	-51.11444	-27.84375	-23.72698	-12.24663
-491.41416	-198.30716	-74.82544	-61.84508	-36.27148	-23.92256	-25.35753	-12.44144
-381.18305	-216.72904	-80.20655	-58.85152	-42.84752	-25.79322	-23.19710	-9.85140
-353.69286	-207.29415	-89.36751	-61.48894	-42.02951	-26.88314	-21.45528	-12.59103
-359.62885	-191.30669	-89.44847	-66.40875	-48.85608	-25.22674	-25.36629	-13.60392
-358.11572	-220.42103	-86.58241	-62.74657	-47.14114	-26.55235	-26.59824	-12.19258
-355.23515	-226.99162	-86.27227	-59.83651	-46.21700	-25.01874	-21.52037	-12.77950
-332.90424	-201.13803	-81.25797	-73.71287	-50.03909	-31.26067	-25.25793	-11.59076
-312.21225	-241.23857	-81.14700	-60.66568	-39.64864	-27.22408	-24.86047	-14.09819
-354.08534	-182.09889	-99.71383	-70.39411	-46.55297	-27.54220	-25.90186	-9.05383
-309.06388	-243.01805	-88.22955	-63.92077	-46.55448	-28.29462	-27.05970	-12.50177
-357.39336	-237.79312	-89.20358	-58.50858	-46.01620	-22.79059	-25.97767	-12.38862
-355.90412	-184.83364	-86.12949	-64.31565	-43.14579	-28.60642	-23.12334	-11.04105
-356.91825	-218.61179	-68.01317	-66.40566	-44.69575	-29.28610	-21.20928	-11.98423
-357.17168	-221.56737	-85.72267	-57.43134	-42.52478	-23.73892	-24.75628	-12.59182
-354.55986	-229.56832	-87.65256	-63.80909	-42.66638	-24.99091	-26.08154	-12.49909
-354.54870	-196.34925	-76.53781	-61.68020	-42.06699	-26.27548	-24.15139	-10.39384
-357.75116	-197.62562	-82.22340	-62.54387	-40.10048	-27.83765	-20.39064	-11.57906
-353.78788	-173.93454	-82.54535	-55.98993	-40.63257	-26.38125	-25.45170	-11.11086
-310.59293	-198.77000	-86.00558	-63.81232	-43.63810	-25.36251	-21.96895	-10.77059
-357.39258	-199.65178	-86.35829	-60.51554	-39.98075	-27.10451	-24.11215	-13.46869
-413.86739	-217.60144	-73.70386	-61.12278	-36.33535	-24.01016	-23.08553	-12.66454
-354.62740	-203.77880	-94.93483	-56.66424	-32.10667	-29.67548	-25.39659	-11.45340
-309.81873	-216.64327	-94.48831	-60.14056	-48.05484	-26.67402	-23.52147	-14.61438
-489.10642	-206.27903	-82.85557	-67.86155	-37.72192	-27.55848	-24.48525	-12.59503
-353.11857	-197.02768	-89.36009	-62.72791	-47.15506	-26.38619	-22.35227	-11.91697
-383.80062	-190.91757	-82.96809	-61.96093	-32.53347	-26.68789	-23.03998	-10.92646
-357.39967	-278.42931	-84.21532	-64.29191	-41.25593	-23.53692	-24.74506	-12.02598
-353.07029	-221.90676	-85.19762	-67.62496	-43.83580	-25.81154	-22.91084	-11.06944
-356.32004	-236.53445	-80.63074	-57.70183	-43.08632	-23.86677	-24.60280	-12.34292
-331.16283	-227.16554	-72.77278	-57.83239	-42.72590	-25.16906	-24.87943	-11.56613
-353.35639	-206.66009	-82.71577	-57.46090	-40.75507	-24.29131	-24.41902	-10.77799
-356.10920	-191.02458	-86.10634	-54.08230	-48.92159	-24.82914	-25.90146	-13.49700
-357.51599	-227.03549	-85.63146	-65.11920	-36.12787	-27.20866	-27.17167	-10.96269
-355.16381	-183.71082	-86.69618	-64.16003	-38.78828	-26.96103	-22.76300	-10.45615
-384.83941	-193.25578	-84.59249	-68.35401	-35.01022	-24.89474	-22.81499	-11.79830
-387.27305	-195.80209	-86.35754	-77.38177	-43.38810	-28.04153	-27.10518	-12.44822
-415.80080	-187.99066	-94.49205	-60.19155	-41.53754	-25.39601	-24.68850	-11.55606
-412.95374	-196.73533	-77.80302	-72.14959	-37.71851	-24.51293	-23.20781	-12.02132
-358.84976	-197.80695	-82.07170	-56.00316	-38.49020	-27.82199	-24.43781	-14.28915
-355.21128	-211.18889	-85.89398	-66.85914	-44.83166	-27.10513	-22.54410	-12.99871
-358.79773	-188.01703	-78.37549	-67.49781	-40.46089	-26.96181	-27.09238	-14.79497
-359.35084	-215.54506	-89.79502	-68.66106	-52.22686	-27.26564	-26.72162	-12.39246
-317.09886	-239.43476	-75.72435	-64.50455	-47.50910	-23.10459	-25.88416	-11.42556
-359.47596	-211.71158	-82.22771	-61.13802	-49.62029	-26.33635	-24.43333	-14.12192
-360.22276	-218.33473	-72.06839	-63.09473	-46.16420	-26.41721	-26.85216	-14.12630
-359.98422	-247.06195	-81.91722	-59.86478	-50.54356	-30.42020	-27.90100	-14.33800
-361.01882	-181.88218	-78.76513	-54.78706	-46.06802	-21.92148	-26.01880	-12.19303
-385.54079	-196.67942	-69.69807	-62.70237	-50.88306	-26.83022	-22.41363	-12.98941
-358.87967	-226.82053	-79.07598	-58.65413	-41.01357	-25.61652	-25.60681	-12.01445
-358.01183	-198.83895	-81.47553	-66.39287	-45.66563	-27.52272	-22.98041	-13.79990
-360.32063	-218.02127	-69.61888	-62.28637	-46.43976	-26.01648	-26.62673	-16.66195
-361.35377	-206.47430	-81.91079	-60.81989	-46.98263	-22.33062	-26.64019	-15.77734
-361.26404	-189.23119	-82.21196	-60.40389	-39.33279	-29.25204	-25.87600	-13.42884
-355.45450	-188.28494	-86.83324	-71.81418	-47.18557	-26.13619	-23.71786	-13.76942
-361.96717	-188.68491	-79.82399	-66.66831	-43.84949	-21.42330	-24.14338	-15.50520
-337.08352	-205.30335	-80.42154	-62.19155	-42.66613	-26.69105	-23.93311	-15.73543
-359.48340	-213.68268	-78.71613	-63.87044	-45.23167	-25.61081	-25.31111	-11.87253
-420.24296	-249.17364	-83.04071	-81.54371	-48.08443	-26.09517	-28.86402	-14.00803
-355.72366	-208.53932	-87.12275	-63.63673	-48.27303	-25.46335	-24.47699	-14.24398
-357.07929	-194.77295	-80.96204	-66.58748	-37.02407	-23.28178	-26.02108	-11.67560
-386.23562	-196.15809	-86.53614	-73.88229	-54.72850	-24.77097	-26.56065	-14.42913
-360.43560	-195.53043	-87.19515	-71.89623	-41.66691	-25.11665	-26.58106	-13.58688
-356.46218	-182.24453	-77.44703	-56.32029	-47.42186	-25.08063	-28.41647	-14.58249
-336.35845	-196.04758	-75.27127	-62.34191	-48.54045	-26.43423	-23.18960	-11.99743
-363.18952	-189.91995	-79.66191	-65.67063	-47.27061	-28.09005	-24.15523	-15.38026
-418.45634	-218.37177	-80.66991	-64.79804	-41.64703	-26.78435	-22.47197	-12.71176
-363.13842	-206.54915	-71.92957	-58.95180	-47.41501	-25.57038	-22.64031	-12.25025
-387.06989	-208.00408	-81.84138	-65.42071	-37.36020	-28.10250	-24.30147	-12.51889
-416.37678	-208.39668	-80.86205	-65.44210	-43.86749	-30.75529	-24.70792	-10.79600
-362.48956	-229.02689	-97.31178	-69.91845	-47.10588	-23.93022	-23.72005	-15.75498
-415.97903	-236.30388	-82.74377	-62.13464	-42.77935	-27.80017	-21.32885	-11.09461
-356.72989	-205.82762	-95.03244	-69.36966	-39.07863	-25.26026	-27.04786	-13.12071
-334.59396	-207.32244	-84.30066	-66.21791	-43.55367	-26.28756	-22.78367	-13.66419
-360.58006	-195.68754	-73.82171	-65.07566	-36.11581	-26.54369	-27.73805	-13.32889
-335.18972	-182.47228	-82.07721	-59.01068	-40.32369	-26.50553	-23.97561	-15.36951
-359.85279	-191.01864	-81.37212	-58.95404	-38.44170	-26.42856	-25.35833	-14.70321
-359.75218	-237.61360	-73.10370	-60.15237	-40.65553	-25.80595	-22.52681	-13.54366
-361.66357	-196.02843	-76.25915	-66.04840	-42.86031	-26.44876	-24.96858	-13.24180
-361.34093	-216.84172	-75.98019	-57.56564	-44.05774	-24.57560	-26.17331	-14.17385
-311.98013	-248.89238	-81.21800	-63.23263	-46.29360	-29.59230	-22.14198	-13.25423
-358.05764	-191.30856	-83.10944	-71.44857	-42.60513	-23.29044	-25.77422	-13.78332
-421.37781	-188.79020	-79.29924	-68.15000	-44.23117	-27.48569	-24.87661	-12.51888
-417.93917	-204.44349	-89.51858	-59.21406	-43.01057	-28.76680	-26.63869	-12.77053
-416.97158	-197.31369	-77.95404	-69.71849	-47.41491	-23.38170	-24.64519	-11.94684
-387.11022	-208.50541	-75.64695	-63.77111	-43.18986	-24.09180	-24.35213	-14.55936
-337.04345	-229.14110	-96.84907	-56.12784	-41.72301	-25.22288	-30.26044	-15.62398
-310.22932	-272.18690	-84.54669	-58.66280	-40.97957	-24.02729	-21.88733	-13.87752
-418.16046	-223.04906	-89.43450	-71.24726	-40.78317	-24.88575	-23.20204	-13.14190
-416.21203	-216.91338	-80.34421	-69.87501	-45.64395	-23.83720	-24.65616	-15.21901
-313.36105	-206.93811	-78.22213	-63.53906	-42.84674	-23.78638	-23.52502	-13.12775
-294.81900	-181.55011	-75.75204	-75.15554	-45.34491	-29.58153	-21.13215	-14.06883
-391.34324	-187.14553	-88.30353	-67.17442	-44.39389	-28.65559	-27.70166	-14.56930
-357.79878	-201.79618	-86.43456	-69.66483	-45.93109	-23.31939	-19.41097	-13.09186
-362.09872	-198.12546	-73.03524	-66.75727	-41.27008	-27.13320	-25.80716	-13.66891
-364.14943	-194.49698	-93.69308	-65.72541	-49.01646	-27.13407	-22.61242	-13.39975
-358.48494	-204.67930	-85.51097	-61.28518	-39.71425	-28.96684	-25.04294	-15.55176
-336.81478	-191.00611	-75.62453	-67.18578	-40.06830	-24.72136	-22.35813	-14.74681
-359.06765	-205.17564	-87.21736	-74.19411	-40.34929	-27.17523	-22.13555	-13.61069
-357.81737	-237.25272	-80.18415	-75.21272	-39.43770	-27.19368	-22.69375	-14.62734
-316.33356	-228.77759	-85.24539	-60.88888	-49.70110	-26.10166	-24.71768	-17.41168
-358.51814	-212.72428	-73.54067	-69.00217	-42.55407	-28.30584	-23.62176	-15.28841
-312.38959	-204.66679	-84.21742	-63.75389	-41.78433	-26.70622	-21.58731	-15.34156
-317.38523	-207.06841	-83.79000	-71.39894	-44.61154	-27.39112	-25.65226	-14.27911
-332.61416	-202.24685	-77.06872	-72.24076	-39.82909	-25.57998	-25.83358	-14.16661
-313.74892	-214.24388	-83.88075	-70.77254	-46.29965	-23.49006	-25.55794	-12.78908
-318.26644	-187.09913	-85.30794	-70.02580	-44.71635	-27.46861	-25.40994	-18.18128
-420.92972	-180.71453	-91.10713	-79.02552	-39.75812	-21.08116	-25.97826	-14.55583
-359.53724	-214.66406	-84.18110	-64.79117	-43.37119	-25.15307	-21.86005	-15.31039
-365.52118	-198.75655	-84.58796	-64.29407	-41.26004	-25.83114	-21.64703	-15.22469
-384.62083	-194.96067	-82.99485	-55.63648	-39.34167	-25.48997	-23.46213	-14.34583
-360.40001	-201.19267	-91.01084	-71.82607	-43.42111	-28.04447	-24.93759	-13.59939
-366.00014	-180.01163	-71.54553	-88.93487	-44.15723	-26.00796	-25.35705	-15.65115
-419.04595	-225.56425	-72.46578	-79.10502	-37.62761	-25.08700	-22.61542	-14.32237
-360.68740	-195.44054	-83.50042	-61.15483	-42.91170	-26.81546	-24.04777	-15.09464
-362.97835	-186.94007	-77.38958	-65.55971	-45.13554	-27.39676	-21.24797	-14.64697
-360.30370	-221.89703	-77.12420	-63.64865	-41.41666	-23.67840	-24.00533	-14.05748
-360.30353	-238.04870	-83.40468	-68.75921	-38.88388	-22.51449	-25.45538	-14.52817
-358.22012	-246.95666	-82.04731	-69.90928	-41.53347	-20.97713	-21.77577	-14.97240
-360.26750	-215.30763	-79.22299	-67.59131	-41.55582	-25.78102	-25.52713	-14.89557
-363.12926	-174.43742	-85.85455	-72.52845	-47.18554	-30.74269	-23.83843	-16.41731
-292.36608	-222.62928	-83.88776	-73.08421	-43.51512	-21.51792	-23.16730	-13.35215
-359.59841	-176.91718	-94.61161	-61.87345	-44.21670	-22.84765	-23.22312	-11.62801
-360.77778	-251.49673	-74.30353	-71.91575	-46.50807	-25.28036	-24.63243	-15.54694
-331.31014	-203.70866	-81.86929	-66.58431	-43.04954	-25.59845	-24.30062	-13.64229
-314.95209	-235.24207	-80.05212	-70.46431	-42.39412	-23.44719	-22.58910	-14.21636
-424.27106	-217.41918	-91.23614	-64.76617	-39.74411	-29.41848	-21.13420	-12.00124
-362.10368	-223.37104	-85.91534	-67.58980	-43.22076	-23.68006	-23.59840	-14.07462
-385.86331	-204.87488	-83.53415	-66.78725	-44.40521	-22.30361	-22.32709	-14.95405
-364.11215	-194.59073	-82.86015	-73.04153	-37.99146	-20.31034	-24.17614	-14.32020
-360.41573	-258.33506	-74.56648	-65.87069	-44.37883	-23.19138	-23.24833	-15.92594
-419.71887	-226.76352	-89.09078	-65.49548	-44.43366	-24.35066	-24.66929	-12.98037
-387.08626	-204.64032	-73.80166	-69.13582	-43.57610	-27.35338	-21.39663	-15.86461
-495.47168	-239.28410	-76.70575	-76.62587	-44.47330	-22.42391	-19.81821	-15.16385
-423.22379	-239.92893	-78.51143	-75.26814	-46.72870	-26.91107	-24.77936	-15.85412
-388.46307	-199.70510	-84.63486	-73.95296	-46.94736	-24.61500	-25.93023	-13.36294
-360.81065	-195.81479	-71.98276	-60.10302	-41.13390	-25.64968	-24.45125	-14.27227
-364.22967	-209.65183	-82.89528	-72.20035	-48.89540	-26.31629	-26.65193	-15.79052
-421.10793	-179.63988	-84.78181	-66.25976	-42.04855	-24.82570	-21.87178	-12.79180
-415.59784	-196.08085	-86.12762	-68.26604	-44.28906	-26.83316	-26.07654	-15.21103
-336.88210	-228.45143	-78.73620	-66.86450	-46.48433	-25.00413	-22.94092	-14.91498
