1.16324	1.13706	0.97679	0.89125	0.83329	0.79146	0.73741	0.70914
1.59970	1.61112	1.62442	1.55600	1.51046	1.24265	0.96682	0.93796
1.91178	2.02598	2.03852	2.03014	2.00119	2.02648	2.02664	2.03563
2.53399	2.75627	3.15907	3.33493	3.51497	3.45879	3.59646	3.56811
2.59798	2.88010	3.23648	3.44509	3.56752	3.61004	3.61968	3.65469
2.61452	2.87651	3.26723	3.40850	3.64949	3.59593	3.62525	3.70287
2.64091	2.84254	3.11133	3.41292	3.52532	3.48180	3.54140	3.57794
2.64412	2.87029	3.21995	3.33003	3.53032	3.52347	3.57238	3.56469
2.65191	2.89775	3.19248	3.43098	3.55729	3.52212	3.59953	3.66794
2.68777	2.91117	3.33069	3.45367	3.68863	3.59909	3.68197	3.74137
2.70576	2.88930	3.32253	3.47517	3.76440	3.67735	3.76369	3.78010
2.71291	2.86871	3.22135	3.40115	3.58698	3.55460	3.62233	3.68275
3.08796	3.04296	3.00268	2.95243	2.92743	2.92718	2.92995	2.94697
3.12964	3.20747	3.28240	3.49229	3.52980	3.68897	3.76357	3.77954
3.16646	3.25211	3.28886	3.39069	3.55461	3.63349	3.75711	3.76462
3.19135	3.32318	3.33603	3.47079	3.48556	3.58191	3.74362	3.86674
3.32727	3.35168	3.39628	3.43991	3.54007	3.55448	3.59383	3.58731
3.37232	3.60549	3.65796	3.72081	3.72220	3.79077	3.85797	3.89417
3.38399	3.48081	3.55834	3.73667	3.80667	3.91426	3.93429	3.98195
3.39381	3.67755	3.72131	3.70643	3.73932	3.75148	3.78971	3.77273
3.41866	3.55334	3.64031	3.65281	3.73261	3.77514	3.85362	3.89483
3.45618	3.43458	3.45063	3.56190	3.60782	3.73837	3.73820	3.70151
3.48055	3.64026	3.69685	3.72879	3.77583	3.83378	3.82763	3.87312
3.49240	3.66771	3.78930	3.84709	3.86836	3.83253	3.84644	3.86492
3.49699	3.66072	3.72825	3.77066	3.77847	3.77550	3.84258	3.86607
3.50273	3.69704	3.74359	3.80125	3.82681	3.83220	3.85576	3.86560
3.52076	3.63975	3.79741	3.90591	3.93329	3.95791	3.98730	4.03064
3.52173	3.67776	3.72652	3.75802	3.77072	3.79320	3.80735	3.82358
3.52532	3.62371	3.60334	3.69358	3.71843	3.80332	3.86905	3.91089
3.54022	3.54468	3.54648	3.61684	3.61770	3.64599	3.67925	3.68210
3.55344	3.61749	3.66339	3.70999	3.77170	3.82143	3.87847	3.89669
3.56726	3.70929	3.68514	3.69157	3.69621	3.74878	3.78847	3.83251
3.58079	3.58784	3.65332	3.75681	3.85616	3.94309	4.00517	4.03566
3.58386	3.76764	3.75306	3.85500	3.85604	3.89958	3.92329	3.92288
3.58398	3.69262	3.80479	3.85482	3.91716	3.91402	3.95553	3.95531
3.60343	3.63359	3.70067	3.71414	3.84605	3.88805	3.93270	3.97511
3.62399	3.62595	3.57614	3.71421	3.77381	3.84478	3.85636	3.88790
3.62821	3.75775	3.71726	3.73103	3.79855	3.74517	3.77316	3.82040
3.63270	3.71241	3.71991	3.79043	3.82825	3.90579	3.92705	3.92246
3.63846	3.71311	3.84176	3.88274	3.92674	4.04392	4.10660	3.98466
3.65339	3.70733	3.76086	3.80308	3.83305	3.84203	3.83470	3.84761
3.66914	3.70560	3.78868	3.80921	3.81419	3.80164	3.81010	3.82741
3.67305	3.66423	3.73645	3.80752	3.88640	3.86060	3.92493	3.93807
3.69284	3.66902	3.69102	3.68272	3.75982	3.74915	3.80662	3.81294
3.69599	3.75563	3.79238	3.86001	3.84869	3.84566	3.83407	3.80905
3.70212	3.77313	3.82015	3.84448	3.76172	3.93767	3.96268	3.82028
3.70636	3.76465	3.85094	3.88426	3.83334	3.88521	3.85700	3.88687
3.71610	3.63761	3.79542	3.89872	3.96344	3.92318	3.94201	3.94091
3.72498	3.82953	3.90033	3.91565	3.93815	3.96448	3.98185	3.98757
3.72765	3.63518	3.71434	3.74499	3.74718	3.77530	3.81043	3.84429
3.72868	3.76906	3.78998	3.82880	3.83628	3.86357	3.86563	3.87108
3.73934	3.73295	3.84951	3.91783	3.90747	3.93208	3.91977	3.93147
3.77184	3.77926	3.83000	3.77506	3.79357	3.85767	3.87712	3.86399
3.78278	3.81460	3.83699	3.81146	3.79381	3.91093	3.96520	3.79365
3.80154	3.80168	3.83268	3.67571	3.65835	3.87365	3.94068	3.83063
3.80521	3.82257	3.84746	3.87264	3.87535	3.98618	4.03462	3.97059
3.81025	3.82316	3.84234	3.82609	3.85207	3.88097	3.89065	3.90583
3.81333	3.84664	3.86228	3.90345	3.92439	3.91433	3.90839	3.94500
3.81557	3.81040	3.83497	3.76823	3.80356	3.88012	3.91458	3.89401
3.81962	3.80542	3.85876	3.85716	3.88708	4.00854	4.07738	3.97452
3.82244	3.84879	3.89145	3.89153	3.89062	4.00867	4.06606	3.99704
3.82324	3.86256	3.87912	3.91614	3.96949	3.98879	4.00978	4.02430
3.82500	3.84548	3.82322	3.82347	3.85325	3.83898	3.83329	3.83013
3.82613	3.82741	3.83236	3.71467	3.65176	3.86486	3.93291	3.82623
3.83058	3.82971	3.82970	3.58679	3.44148	3.83549	3.82978	3.58872
3.83344	3.82971	3.83665	3.58467	3.46407	3.83040	3.84439	3.58416
3.83449	3.82998	3.83370	3.56383	3.46066	3.83060	3.83522	3.58839
3.83574	3.83487	3.86380	3.80735	3.82424	3.90408	3.93247	3.87795
3.83847	3.85089	3.87543	3.87143	3.88016	3.90428	3.92394	3.89919
3.84121	3.82730	3.85675	3.74493	3.71490	3.88283	3.92936	3.83863
3.84125	3.85345	3.86884	3.86855	3.91340	3.91417	3.94667	3.95937
3.84257	3.85729	3.87188	3.84801	3.86411	3.89738	3.91769	3.89887
3.84900	3.82705	3.84925	3.57376	3.47300	3.84412	3.86008	3.57975
3.84969	3.86070	3.90817	3.91674	3.91381	3.98157	3.99384	3.90475
3.85153	3.91646	3.97698	3.97573	3.92345	4.08253	4.11899	3.99557
3.85177	3.82980	3.84993	3.58563	3.53074	3.83207	3.85755	3.58431
3.85526	3.83068	3.85931	3.60746	3.46945	3.84622	3.86589	3.60532
3.86220	3.85732	3.86109	3.63892	3.46842	3.86070	3.87165	3.62956
3.86245	3.85682	3.87584	3.80908	3.84161	3.90408	3.90246	3.88148
3.86289	3.86524	3.87945	3.85240	3.88746	3.92182	3.92488	3.92214
3.86348	3.86431	3.87203	3.62629	3.47373	3.86394	3.86754	3.62353
3.86397	3.86706	3.86453	3.62792	3.46871	3.86997	3.86970	3.62405
3.86598	3.90761	3.91535	3.96528	3.98320	4.05503	4.06179	4.05065
3.86607	3.89214	3.90024	3.91699	3.93336	3.91766	3.92518	3.94641
3.86635	3.85536	3.88887	3.82624	3.83191	3.93738	3.96876	3.91106
3.86694	3.88594	3.88709	3.90782	3.93752	3.90970	3.91994	3.94549
3.86958	3.87999	3.89284	3.90860	3.91891	3.92239	3.92447	3.94648
3.86981	3.84776	3.87375	3.79888	3.56517	3.88558	3.88960	3.79205
3.87013	3.87711	3.88581	3.86527	3.89723	3.90296	3.91918	3.91730
3.87019	3.87676	3.87229	3.86398	3.87427	3.90130	3.90421	3.86673
3.87115	3.96431	4.05255	4.11035	4.11550	4.11545	4.13082	4.13945
3.87279	3.83123	3.87641	3.58953	3.55413	3.83897	3.87532	3.57994
3.87286	3.82382	3.87560	3.58730	3.40499	3.82873	3.87572	3.59644
3.87317	3.84031	3.87156	3.62347	3.44100	3.84771	3.87837	3.62169
3.87469	3.85980	3.87878	3.62027	3.48386	3.86827	3.88506	3.61250
3.87516	3.83162	3.87592	3.60923	3.39984	3.84351	3.87275	3.60745
3.87621	3.91689	3.95192	3.97381	3.97533	4.04062	4.08466	3.99771
3.87631	3.81848	3.88197	3.58164	3.38125	3.82348	3.88368	3.57968
3.87666	3.91912	3.94260	3.85883	3.77793	3.87962	3.95016	3.81489
3.87668	3.81690	3.88350	3.56443	3.36432	3.81757	3.87952	3.56249
3.87668	3.83336	3.88352	3.57283	3.39930	3.83847	3.87551	3.57384
3.87668	3.84260	3.87952	3.60365	3.40508	3.84501	3.87613	3.59573
3.87671	3.87605	3.90579	3.86191	3.87040	3.94720	3.97446	3.95337
3.87704	3.89301	3.90592	3.92414	3.94888	3.92100	3.94043	3.96519
3.87792	3.82320	3.87827	3.56402	3.37470	3.82248	3.87824	3.56221
3.87857	3.86003	3.88036	3.64538	3.43145	3.87157	3.88627	3.63222
3.87983	3.84126	3.88255	3.62289	3.47502	3.84120	3.87840	3.62124
3.88028	3.86652	3.87973	3.63910	3.55135	3.87128	3.87848	3.63885
3.88033	3.82934	3.87853	3.59311	3.37031	3.83478	3.87929	3.59451
3.88079	3.84123	3.88354	3.62316	3.49560	3.84522	3.87351	3.62195
3.88092	3.88704	3.89517	3.91053	3.94639	3.92031	3.92694	3.94752
3.88190	3.87079	3.88371	3.63903	3.55738	3.87066	3.88438	3.63779
3.88209	3.83123	3.88085	3.61355	3.55506	3.83892	3.88392	3.59213
3.88232	3.91898	3.91711	3.85545	3.85551	3.92916	3.93733	3.85037
3.88362	3.84123	3.89011	3.62314	3.50945	3.84482	3.89628	3.62144
3.88387	3.84677	3.88970	3.63050	3.52628	3.86240	3.87683	3.63092
3.88454	3.90296	3.90876	3.92284	3.92536	3.93942	3.93617	3.94027
3.88460	3.86528	3.89121	3.65145	3.45695	3.86998	3.88508	3.63318
3.88517	3.86725	3.88564	3.63922	3.55456	3.86116	3.88183	3.63021
3.88730	3.86219	3.89354	3.64886	3.46945	3.86772	3.88345	3.61730
3.88744	3.85844	3.89079	3.61505	3.48008	3.86226	3.89294	3.60812
3.89000	3.92636	3.93902	3.93821	3.93545	4.04272	4.09345	4.00313
3.89011	3.97123	4.03470	3.94622	3.95293	4.08912	4.10852	3.97309
3.89323	3.93405	3.94711	3.89909	3.85129	3.92570	3.91957	3.78980
3.89366	3.90152	3.90111	3.90975	3.95044	3.92421	3.94361	3.96184
3.89456	3.87412	3.89352	3.67995	3.48250	3.86764	3.88402	3.66568
3.89461	3.98529	4.00572	3.83624	3.78844	3.99376	4.02194	3.88311
3.89944	3.95031	4.00778	4.03019	4.02598	4.02975	4.03602	4.02701
3.90423	3.90938	3.92808	3.93065	3.93319	3.95976	3.95913	3.95516
3.91077	3.97650	4.01725	4.05666	4.07837	4.08189	4.08897	4.08461
3.91301	3.90333	3.92522	3.85076	3.82085	3.91767	3.93703	3.78050
3.91453	3.91959	3.92366	3.92898	3.96341	3.95727	3.96776	4.00506
3.91536	3.97031	4.07908	4.01585	3.89536	4.11281	4.11373	3.98575
3.91698	4.00438	4.10997	4.02966	3.90284	4.15302	4.14672	3.91087
3.91816	3.88296	3.90905	3.81003	3.76863	3.91965	3.95188	3.78212
3.92037	3.93045	3.94374	3.80720	3.77488	3.90699	3.93827	3.80250
3.92097	3.92660	3.93199	3.83624	3.81742	3.91190	3.93826	3.78245
3.92124	3.93610	3.94912	3.86889	3.82895	3.91801	3.91807	3.78431
3.92232	4.03180	4.09685	4.11549	4.11889	4.13475	4.13887	4.12372
3.92277	3.97699	4.02100	3.98571	3.96130	4.09114	4.12336	4.01397
3.92343	3.89607	3.92136	3.84723	3.79108	3.93036	3.96716	3.85036
3.92486	3.95962	3.99034	3.92263	3.93727	4.07640	4.13293	3.97500
3.92643	3.91528	3.95898	3.93102	3.89350	4.03970	4.10393	4.00119
3.93061	3.92999	3.96049	3.80854	3.76671	3.88391	3.93285	3.81764
3.93091	3.92582	3.94422	3.84026	3.79964	3.91738	3.92112	3.75118
3.93150	3.93393	3.92420	3.83151	3.84473	3.94814	3.95365	3.86272
3.93150	3.95240	3.93454	3.84583	3.80254	3.91676	3.93022	3.76387
3.93230	3.91955	3.94482	3.86692	3.82446	3.92627	3.92446	3.79967
3.93362	3.93121	3.94874	3.83271	3.80939	3.90241	3.94557	3.79382
3.93412	3.94598	3.96276	3.94188	3.90211	4.04993	4.08997	4.05787
3.93547	3.96624	4.03278	3.97276	3.90934	4.08779	4.14075	3.99621
3.93772	3.95553	3.94409	3.87099	3.83157	3.93856	3.94503	3.81669
3.93836	3.91663	3.91280	3.76013	3.74319	3.89739	3.91904	3.80837
3.93858	3.95919	3.97767	3.95924	3.92132	4.05279	4.09146	4.00398
3.93984	3.93267	3.96562	3.91213	3.89996	3.99165	4.01246	3.96245
3.94128	3.93599	3.97203	3.92622	3.89551	3.99227	4.01413	3.95911
3.94166	4.04233	3.97730	3.86782	3.81536	3.98382	3.98932	3.86294
3.94511	3.96774	4.01047	3.99158	3.90963	4.05014	4.11431	4.04176
3.94539	3.99880	4.02836	4.01035	3.98893	4.10034	4.11977	4.01926
3.94569	3.93797	3.93761	3.78197	3.74211	3.89688	3.92650	3.79016
3.94734	3.93022	3.95633	3.87344	3.83947	3.92688	3.93993	3.84293
3.94787	3.94230	3.95221	3.92462	3.91302	3.97109	3.97673	3.97684
3.94855	3.93355	3.94224	3.78844	3.71313	3.84725	3.93880	3.77734
3.94882	3.94749	3.96510	3.92533	3.94749	3.98258	4.01083	3.98926
3.94884	3.95839	3.94333	3.85261	3.82588	3.89780	3.94468	3.81278
3.94969	3.96059	3.96363	3.88652	3.86752	3.94738	3.93364	3.83188
3.95109	3.94394	3.95000	3.82014	3.72751	3.87681	3.96492	3.78537
3.95239	3.95166	3.93358	3.84068	3.82709	3.92924	3.92227	3.79223
3.95386	4.04124	4.13457	3.94236	3.89212	4.12848	4.09881	3.89556
3.95510	4.07801	4.09264	4.04588	3.92850	4.11476	4.11680	3.95852
3.95663	3.95775	3.96471	3.87916	3.83155	3.90831	3.90626	3.84343
3.95960	3.97960	3.98802	3.91807	3.87612	4.06907	4.09639	3.96950
3.96045	3.96636	3.99381	3.96562	3.94495	4.06628	4.10330	3.99263
3.96176	3.96299	3.96271	3.89641	3.84677	3.93952	3.94922	3.82184
3.96323	4.03988	4.09728	4.17649	4.20941	4.22734	4.21947	4.22007
3.96436	3.98056	4.01428	3.97516	3.92813	4.08178	4.11655	3.99207
3.96685	4.06601	4.16020	4.07515	4.03029	4.15897	4.15017	4.03409
3.96764	3.97716	4.00621	3.96908	3.89085	4.08802	4.11978	4.01705
3.97136	3.97078	4.02034	3.95183	3.92723	4.07280	4.11222	4.01029
3.97696	4.00301	4.03436	3.99549	3.92000	4.09107	4.11906	4.03075
3.97771	4.02952	4.11520	4.06398	3.91477	4.11751	4.11994	3.96170
3.97807	3.86379	3.92110	3.78607	3.71613	3.91912	3.95314	3.84658
3.98380	4.07616	4.09438	3.94535	3.82762	4.03165	4.01957	3.90820
3.98466	4.00441	4.03848	3.94957	3.89793	4.04845	4.13132	3.97172
3.98616	3.98946	3.99022	3.90632	3.88523	3.92484	3.92000	3.76850
3.98745	4.11749	4.10737	4.00070	3.83016	4.08783	4.09811	3.96508
3.98921	4.00495	4.04475	3.96055	3.97173	4.09900	4.12092	4.00490
3.99076	4.00905	4.04804	3.98294	3.95320	4.07662	4.11024	4.02435
3.99176	4.04678	4.10611	4.00783	3.92941	4.10170	4.10265	3.97379
3.99187	4.02472	4.14981	4.00482	3.83172	4.09176	4.06640	3.89564
3.99415	4.04864	4.13362	3.98224	3.86587	4.07327	4.06182	3.92800
3.99494	3.99953	4.03669	3.99418	3.97070	4.09800	4.12502	4.03646
3.99590	3.98681	3.97517	3.87004	3.85789	3.93010	3.92626	3.82018
3.99670	4.00544	4.02834	4.00627	3.94781	4.11177	4.12470	4.05640
3.99686	4.01115	4.03997	3.98430	3.95258	4.08042	4.09813	4.00434
3.99913	4.03659	4.09591	3.93364	3.86658	4.04089	4.05928	3.92895
3.99931	4.11820	4.16623	4.10085	4.00404	4.15243	4.14883	4.05504
3.99990	3.98974	4.00308	3.88161	3.84250	4.03325	4.03542	3.89260
4.00237	4.14170	4.08644	3.95719	3.81807	4.06854	4.08908	3.94453
4.00577	4.00386	4.04096	3.98995	3.95713	4.07749	4.09684	4.01477
4.00670	4.00819	4.04767	3.94816	3.92618	4.07986	4.12971	4.01335
4.00695	4.03759	4.05928	4.05653	4.06824	4.08464	4.08176	4.08330
4.00795	3.99982	4.02036	3.95674	3.91713	3.96708	3.97529	3.88144
4.00862	4.08095	4.11252	3.96908	3.82138	4.08441	4.06575	3.86229
4.01420	4.10296	4.17889	4.05038	3.99184	4.15129	4.15881	4.01225
4.01530	4.10743	4.13481	3.99108	3.91875	4.10097	4.09541	3.95750
4.01949	4.08833	4.11438	4.02230	3.94259	4.13112	4.13196	4.05959
4.01967	4.02004	4.03914	4.01462	3.96708	4.09674	4.12492	4.00936
4.01972	4.12668	4.15784	4.02333	3.92848	4.11630	4.08573	3.98940
4.02315	3.96539	3.93203	3.85026	3.76795	3.98131	3.97833	3.82227
4.03171	4.10868	4.10465	4.00873	3.89519	4.12893	4.11009	4.02194
4.03253	4.08734	4.06966	3.87173	3.78707	4.03972	4.04040	3.81127
4.03811	4.04229	4.05531	4.03039	3.96855	4.11076	4.13252	4.04522
4.03881	4.04589	4.04954	3.97989	3.87516	3.89994	3.92130	3.81206
4.06790	4.06694	3.99848	3.83018	3.76381	3.98429	4.00107	3.79566
4.08640	3.98874	3.93809	3.80022	3.76881	3.94767	3.94771	3.77357
4.09659	4.06348	4.04023	3.94527	3.80987	4.01597	4.02094	3.94225
4.10913	4.06834	4.07643	3.98110	3.77323	3.95019	3.93208	3.77265
4.11103	4.09097	4.10758	3.98782	3.84927	3.93849	3.92859	3.78091
4.11760	4.09480	4.10126	3.98529	3.87058	3.90966	3.90207	3.76757
4.12596	4.15233	4.17861	4.19083	4.20796	4.21162	4.20207	4.20505
4.12643	4.03860	3.95697	3.75360	3.71844	3.90047	3.91261	3.73741
4.12663	4.07080	4.09710	3.95723	3.80872	4.04428	4.06911	3.95062
4.16637	4.10301	4.14081	3.99950	3.87933	4.13024	4.12514	4.02910
4.17777	4.20503	4.20680	4.10728	3.94145	4.16135	4.15394	4.05470
4.18432	4.20766	4.20900	4.14435	3.95694	4.16718	4.16240	4.08901
4.18531	4.22019	4.19942	4.10389	3.93248	4.16036	4.15809	4.03874
4.19184	4.21322	4.21058	4.15965	3.99966	4.19931	4.19782	4.11807
4.19655	4.22341	4.21645	4.11226	3.90270	4.17036	4.16783	4.04267
4.19971	4.18898	4.18533	4.11467	3.97075	4.18286	4.18052	4.09690
4.20043	4.20222	4.18603	4.09860	3.89033	4.15378	4.14520	4.02223
4.20181	4.21012	4.19938	4.12567	3.89964	4.16269	4.16555	4.05726
4.20321	4.22058	4.22143	4.11471	3.85865	4.17905	4.17402	4.06786
4.20430	4.21409	4.21657	4.11755	3.93789	4.18373	4.18082	4.07767
4.20569	4.23917	4.23193	4.16568	4.03948	4.20574	4.20175	4.13659
4.20596	4.23123	4.22516	4.12385	3.93219	4.20017	4.19338	4.08524
4.20622	4.21315	4.19705	4.10319	3.91022	4.15173	4.14282	4.03316
4.20661	4.20889	4.18442	4.10043	3.86291	4.15561	4.14954	4.02932
4.20708	4.20841	4.20126	4.12869	3.91706	4.17140	4.17075	4.05383
4.20926	4.23565	4.21406	4.10666	3.91235	4.18134	4.17351	4.06754
4.21099	4.20248	4.18778	4.09836	3.88282	4.14504	4.14293	4.02337
4.21156	4.22825	4.20640	4.11247	3.90371	4.16788	4.16573	4.07511
4.21297	4.22530	4.21196	4.14363	3.93198	4.19413	4.19119	4.09820
4.21382	4.22760	4.21142	4.12415	3.88509	4.16985	4.16937	4.06697
4.21428	4.21982	4.21157	4.12466	3.93148	4.17579	4.17515	4.07596
4.21471	4.22506	4.21058	4.12970	3.95462	4.17955	4.16685	4.07646
4.21613	4.22643	4.20809	4.11102	3.90726	4.17369	4.17380	4.07812
4.21673	4.21490	4.20866	4.13075	3.93232	4.17300	4.16534	4.05842
4.21782	4.20362	4.21376	4.11517	3.94285	4.17829	4.16935	4.07609
4.22078	4.23019	4.20850	4.09543	3.88183	4.16306	4.15116	4.05328
4.22213	4.22088	4.19975	4.11082	3.86593	4.17125	4.16033	4.03592
4.22249	4.22744	4.22181	4.15449	3.99070	4.17885	4.17514	4.10700
4.22253	4.22140	4.18909	4.09781	3.90033	4.15911	4.15881	4.05530
4.22400	4.22004	4.21054	4.11864	3.92931	4.16984	4.17319	4.02765
4.22528	4.22153	4.20287	4.09969	3.89805	4.15454	4.15186	4.04117
4.22973	4.23203	4.22022	4.12429	3.96052	4.18982	4.18201	4.07443
4.23105	4.22425	4.21329	4.13077	3.94067	4.18096	4.18126	4.07909
4.23268	4.21963	4.19523	4.11134	3.89347	4.14882	4.15250	4.03858
